1.420526468504972523e+06,4.169036930570871569e+06,6.316193946025167825e+05,6.531816922125449637e+05,4.557703257462973852e+04,1.819386330670737370e+05,1.821244804643836396e+05,2.666100750866813469e+05,4.380665036322805099e+05,1.924019529388691299e+05,4.479248138262081775e+05,4.558168063509941567e+05,1.067215852344415762e+05,2.443460794320845889e+04,2.314643323458034720e+05
3.849458779144634027e+06,8.849898916380954906e+06,2.158497952694432810e+06,2.067457930658346042e+06,2.863765629863021895e+05,6.407730799535878468e+05,6.401250928986016661e+05,9.923786618975781603e+05,1.643237954405613709e+06,9.210907783590684412e+05,1.894553254654021002e+06,1.803325181241284823e+06,4.426556732318230206e+05,1.961458033116474107e+05,8.866546561209700303e+05
1.053375075289746374e+07,1.617794111998501420e+07,6.035767044384459034e+06,4.884138696091362275e+06,9.629661397876401898e+05,1.788077520246293629e+06,1.790755805404113838e+06,2.973920397480784915e+06,4.502642748048631474e+06,2.475407894486653619e+06,4.439727234441879205e+06,4.005798877178170253e+06,1.049776535290583968e+06,3.636242039514987846e+05,1.820652713005758822e+06
5.504565417806874029e+06,1.027141566880284250e+07,3.385414760795581620e+06,2.938293203571370803e+06,4.931848240627655177e+05,8.449776004140001023e+05,8.459755546065715607e+05,1.391131159767474281e+06,2.116859539118385874e+06,1.117777460110825719e+06,2.053599328552194405e+06,1.772631316369069042e+06,4.835109229604576831e+05,2.167508053042711690e+05,8.102408011323503451e+05
