3.200134103313829750e+06,7.177081151813432574e+06,2.103771186217748094e+06,1.756816541330441367e+06,3.110988987298199791e+05,6.629137926307055168e+05,6.615112210433597211e+05,9.892085686937187565e+05,1.712542499977041036e+06,9.043173449939363636e+05,1.567171927781402366e+06,1.633119378922607750e+06,4.817837867201043409e+05,1.900523624253863527e+05,7.885412136758958222e+05
2.970379682616424747e+06,6.219051439845614135e+06,1.412727745165730361e+06,1.267311237187165301e+06,1.409750748574116733e+05,4.138663207026828895e+05,4.135986517542088404e+05,6.173748733730237000e+05,1.060412596377529437e+06,5.189884810633105808e+05,9.680688435065643862e+05,9.895671533914974425e+05,2.669576360561668407e+05,8.244258869976700225e+04,4.695998106432079221e+05
6.103775510430859402e+06,1.132797956943833269e+07,4.095680050503845327e+06,3.521904310610087588e+06,5.826521285074284533e+05,1.075443161627227440e+06,1.076151733224374242e+06,1.589193933264011750e+06,2.332159643246302847e+06,1.378608582849748433e+06,2.736609242155394517e+06,2.783218592344703618e+06,8.147096258672695840e+05,2.713480909872592310e+05,1.063513964102049125e+06
5.902446016917988658e+06,9.675681182173287496e+06,4.235550154009180143e+06,3.519381478427904658e+06,8.792156111196635757e+05,1.234476663585603470e+06,1.238396942317491863e+06,1.975433075190700591e+06,2.866059146306943148e+06,1.486728842257484095e+06,2.462880654488709290e+06,2.283321538356469478e+06,5.763023488953263732e+05,2.264540796040364075e+05,7.591391074122098507e+05
