1.750188344580611447e+06,4.398200386298776604e+06,7.580674567205224885e+05,6.805769018326234072e+05,6.767689094516370096e+04,2.100457458703357261e+05,2.111767132926730847e+05,3.465842707175036194e+05,6.527386632564524189e+05,3.046342560028560692e+05,6.228521392604049761e+05,5.440106221743390197e+05,1.401361285628471232e+05,3.728291104461570649e+04,2.490695096282775630e+05
2.359487484105724841e+06,5.189676829454111867e+06,1.078885785154257668e+06,1.125754721732523059e+06,8.145536076005683572e+04,3.183568173664412461e+05,3.187004081817204715e+05,4.254148091587424860e+05,7.766159927031885600e+05,3.834765612559022848e+05,7.572209651850486407e+05,6.525017522405835334e+05,1.573126874631576356e+05,5.558658857370146870e+04,2.845741887211014982e+05
5.586305582568394952e+06,8.746589692718716338e+06,3.427956418646910228e+06,2.747026960849103052e+06,4.800726327566131367e+05,1.101205012113756500e+06,1.101608611688820645e+06,1.745201000547100557e+06,3.154604904576666653e+06,1.914076816625925479e+06,3.485111702553258743e+06,3.604067375609276816e+06,9.551600449357478647e+05,2.692807591670725960e+05,2.160605180574296508e+06
3.420021435789115727e+06,6.061245434268752113e+06,2.020365788956097327e+06,1.793240946051092818e+06,2.747376008970031398e+05,5.878253629462448880e+05,5.873330449432668975e+05,8.457679094638115494e+05,1.347766840466069290e+06,6.290163711911062710e+05,1.197588710828572279e+06,1.120536176463533659e+06,2.680142785069098463e+05,6.058855491358954896e+04,3.865374195552574238e+05
