3.429763430566195399e+06,6.688572832461050712e+06,2.475419140431834385e+06,2.104171773083395790e+06,3.109030998736869078e+05,7.050153883965234272e+05,7.083203279579691589e+05,1.050025402495818445e+06,1.697927109388825484e+06,8.679794512116437545e+05,1.593877226213927381e+06,1.565884466725322418e+06,3.302274206718584755e+05,7.452910938444665226e+04,4.930544348940728814e+05
7.719113233962489292e+06,9.484529780239725485e+06,4.894740791339930147e+06,3.960052717696749605e+06,7.869720408347462071e+05,1.310094015326435212e+06,1.315252643231121823e+06,2.228338493610114790e+06,3.502733366478706710e+06,1.914596028620789526e+06,3.323307387654112186e+06,2.917385553417105228e+06,8.087386323409542674e+05,2.859309158842473989e+05,1.516322437310836511e+06
6.137329583458226174e+06,1.243778862477560341e+07,3.276924636530934833e+06,2.932439327307676431e+06,4.634908977830991498e+05,8.875442460689939326e+05,8.892434048009846592e+05,1.446189919696005760e+06,2.116243454357335344e+06,1.131795363304109313e+06,2.285105469503518660e+06,2.223500336908459663e+06,6.209228487224059645e+05,1.934831053375615738e+05,9.229368624560119351e+05
1.181753193031283841e+07,1.449197252123010159e+07,7.666330220453445800e+06,5.907895877816378139e+06,1.594652991025334690e+06,1.839243860472293571e+06,1.833167512936838204e+06,2.572561510945725720e+06,3.933259352386278566e+06,1.986364150733510265e+06,3.315045827957887203e+06,2.834120260629880708e+06,7.861830104481294984e+05,2.974744714511173661e+05,1.061437297403152566e+06
