3.996660935408703983e+06,9.079852152371434495e+06,2.322879805834102910e+06,2.117021463037746958e+06,2.174251183241199469e+05,6.437107353079434251e+05,6.431368594648232684e+05,9.710000979821785586e+05,1.684604811650621938e+06,8.560069707054616883e+05,1.817755167517182417e+06,1.833852073758807965e+06,3.945964068654261064e+05,8.051762927698585554e+04,5.454818766758762067e+05
6.907025662598520517e+06,1.073656116788406111e+07,4.772459595278971829e+06,3.688882768859094009e+06,7.059800512611255981e+05,1.235480299424676690e+06,1.231924630742739420e+06,1.768256396536218002e+06,3.037261737806552555e+06,1.659850003223310690e+06,2.652264250243461225e+06,2.490445000697337091e+06,6.572326111988623161e+05,2.082546754639194696e+05,9.566088940843752353e+05
6.068700135885620490e+06,1.271513315489237756e+07,2.686814802092317957e+06,2.516068428485123906e+06,3.494181453403700143e+05,8.062947508781447541e+05,8.037500901415396947e+05,1.375634252649088390e+06,2.277652443463057745e+06,1.349993646906277165e+06,2.486551957535096910e+06,2.467928719692929648e+06,7.773689595001315465e+05,3.183100359472258133e+05,1.256014847870027414e+06
4.068293676026784349e+06,6.079137455316026695e+06,2.402294184890596196e+06,2.366793411660950631e+06,2.476780636087782041e+05,6.030958566021907609e+05,6.031248711525198305e+05,8.453128804046753794e+05,1.428437324865853414e+06,6.862959602621356025e+05,1.128905248532617930e+06,1.022966398892010795e+06,2.216382270962754264e+05,5.058936905709074199e+04,3.170936301064312574e+05
