1.316356550607489240e-01 1.055980926255096486e-01 1.347604069353589007e-01 1.168594808417808967e-01 1.791539053981988927e-01 1.263020931848921058e-01 1.262701209055294982e-01 1.305856112029931126e-01 1.188562335690029614e-01 1.327376750241177628e-01 1.277774863869983735e-01 1.234596499211043641e-01 1.358786563532446978e-01 1.858547289976405781e-01 1.458981660982218154e-01
1.055980926255096486e-01 1.031446045956668639e-01 1.009768800545037953e-01 9.102371028313235857e-02 1.325444790595192435e-01 9.326326050691392811e-02 9.326180570337840037e-02 9.574278150168830104e-02 8.722476970395405538e-02 9.641087433283083985e-02 9.368943009144631295e-02 9.003084048430973207e-02 1.017038928330789155e-01 1.475008781055898999e-01 1.061934757125148204e-01
1.347604069353589007e-01 1.009768800545037953e-01 1.568128167385503813e-01 1.270430213602644076e-01 2.107763253015867977e-01 1.481638134939090301e-01 1.481088029735973810e-01 1.537884618064718489e-01 1.379109424264922112e-01 1.531228438984652829e-01 1.449804690090843451e-01 1.407098956545091983e-01 1.551777464165009501e-01 2.090180986767631588e-01 1.614036340136293657e-01
1.168594808417808967e-01 9.102371028313235857e-02 1.270430213602644076e-01 1.096585659737093071e-01 1.681897546559160683e-01 1.179320697001381424e-01 1.178857232436966995e-01 1.221813311164992172e-01 1.109619767703408505e-01 1.235190229949292978e-01 1.176802779305543695e-01 1.147003581602237671e-01 1.277622700671490197e-01 1.745007986780325593e-01 1.353745147433893792e-01
1.791539053981988927e-01 1.325444790595192435e-01 2.107763253015867977e-01 1.681897546559160683e-01 2.949773876734334555e-01 2.039152963732107915e-01 2.038448845389175812e-01 2.124851502317425256e-01 1.926978220086121019e-01 2.154728080962702019e-01 2.022932843834777672e-01 1.973276025267612366e-01 2.207463112225669100e-01 3.006000447586110180e-01 2.301555282757867804e-01
1.263020931848921058e-01 9.326326050691392811e-02 1.481638134939090301e-01 1.179320697001381424e-01 2.039152963732107915e-01 1.444965917526361832e-01 1.444581821011952927e-01 1.503795652474536892e-01 1.364393111148491933e-01 1.518390783094937246e-01 1.428070468933829162e-01 1.388910161945814958e-01 1.542513314499991406e-01 2.059943717231274007e-01 1.603756693244893228e-01
1.262701209055294982e-01 9.326180570337840037e-02 1.481088029735973810e-01 1.178857232436966995e-01 2.038448845389175812e-01 1.444581821011952927e-01 1.444211249460385371e-01 1.503472240872713861e-01 1.364107298762382570e-01 1.518089261010189539e-01 1.427843449760026751e-01 1.388648518916267005e-01 1.541899900013879443e-01 2.058586353883792297e-01 1.603005491556939166e-01
1.305856112029931126e-01 9.574278150168830104e-02 1.537884618064718489e-01 1.221813311164992172e-01 2.124851502317425256e-01 1.503795652474536892e-01 1.503472240872713861e-01 1.586210568632095419e-01 1.435218179261145421e-01 1.603865340214313817e-01 1.517942015497799058e-01 1.480966224505394224e-01 1.639016113657866258e-01 2.190595640655473020e-01 1.711338591465805248e-01
1.188562335690029614e-01 8.722476970395405538e-02 1.379109424264922112e-01 1.109619767703408505e-01 1.926978220086121019e-01 1.364393111148491933e-01 1.364107298762382570e-01 1.435218179261145421e-01 1.337350426504583800e-01 1.500359870317830024e-01 1.418548217061260941e-01 1.391543734824168266e-01 1.563633311750350918e-01 2.101843327914882931e-01 1.653468774681429165e-01
1.327376750241177628e-01 9.641087433283083985e-02 1.531228438984652829e-01 1.235190229949292978e-01 2.154728080962702019e-01 1.518390783094937246e-01 1.518089261010189539e-01 1.603865340214313817e-01 1.500359870317830024e-01 1.709680006257285612e-01 1.614289098901627306e-01 1.582330348305653611e-01 1.765052603080393134e-01 2.379156510150499948e-01 1.885873986553904813e-01
1.277774863869983735e-01 9.368943009144631295e-02 1.449804690090843451e-01 1.176802779305543695e-01 2.022932843834777672e-01 1.428070468933829162e-01 1.427843449760026751e-01 1.517942015497799058e-01 1.418548217061260941e-01 1.614289098901627306e-01 1.571647258580417539e-01 1.548654379049610452e-01 1.728561363324599975e-01 2.335595392660685943e-01 1.847407295946066064e-01
1.234596499211043641e-01 9.003084048430973207e-02 1.407098956545091983e-01 1.147003581602237671e-01 1.973276025267612366e-01 1.388910161945814958e-01 1.388648518916267005e-01 1.480966224505394224e-01 1.391543734824168266e-01 1.582330348305653611e-01 1.548654379049610452e-01 1.565647628689591508e-01 1.775047904885061201e-01 2.398677944277416152e-01 1.891954459312381043e-01
1.358786563532446978e-01 1.017038928330789155e-01 1.551777464165009501e-01 1.277622700671490197e-01 2.207463112225669100e-01 1.542513314499991406e-01 1.541899900013879443e-01 1.639016113657866258e-01 1.563633311750350918e-01 1.765052603080393134e-01 1.728561363324599975e-01 1.775047904885061201e-01 2.126323137572937449e-01 2.966242657007773786e-01 2.226697921911245936e-01
1.858547289976405781e-01 1.475008781055898999e-01 2.090180986767631588e-01 1.745007986780325593e-01 3.006000447586110180e-01 2.059943717231274007e-01 2.058586353883792297e-01 2.190595640655473020e-01 2.101843327914882931e-01 2.379156510150499948e-01 2.335595392660685943e-01 2.398677944277416152e-01 2.966242657007773786e-01 4.423540530456865905e-01 3.067751401844997505e-01
1.458981660982218154e-01 1.061934757125148204e-01 1.614036340136293657e-01 1.353745147433893792e-01 2.301555282757867804e-01 1.603756693244893228e-01 1.603005491556939166e-01 1.711338591465805248e-01 1.653468774681429165e-01 1.885873986553904813e-01 1.847407295946066064e-01 1.891954459312381043e-01 2.226697921911245936e-01 3.067751401844997505e-01 2.483267832864701208e-01
