1.637817538151877805e-01 1.148059925907588680e-01 1.892541936021469307e-01 1.782481791072751953e-01 2.485488169268312564e-01 1.667403307760886577e-01 1.666648169134901658e-01 1.690551069444300725e-01 1.385773167642663506e-01 1.441531787399138731e-01 1.277139449695227913e-01 1.178893685078965803e-01 1.344077606797807467e-01 1.913805658182368419e-01 1.141493161405695705e-01
1.148059925907588680e-01 9.907585087783404854e-02 1.230271069993818384e-01 1.205053750661078393e-01 1.554171581405486002e-01 1.097404682914450702e-01 1.096524531692488619e-01 1.090373385566218989e-01 9.035427998237052782e-02 9.220078447125300281e-02 8.528180868553682237e-02 7.960523297051973202e-02 9.226479165946165073e-02 1.284302054665675819e-01 8.026409152464331065e-02
1.892541936021469307e-01 1.230271069993818384e-01 2.412548627693421599e-01 2.180217535855890065e-01 3.263654881107457828e-01 2.129519967894713262e-01 2.128854911234930036e-01 2.164350367534690900e-01 1.785437757529458047e-01 1.889069689368157445e-01 1.629439971094760464e-01 1.509241570909186092e-01 1.678324111941252861e-01 2.333719951961201466e-01 1.383817255237618227e-01
1.782481791072751953e-01 1.205053750661078393e-01 2.180217535855890065e-01 2.038634369956083270e-01 2.860674939267108252e-01 1.919955162817286731e-01 1.919232189849612302e-01 1.934020583535135396e-01 1.593575819506889979e-01 1.671781282936309621e-01 1.450234113997188046e-01 1.350727962428892592e-01 1.523410555638230190e-01 2.120530373415433489e-01 1.258442825035891721e-01
2.485488169268312564e-01 1.554171581405486002e-01 3.263654881107457828e-01 2.860674939267108252e-01 4.731317714734186719e-01 2.909844847484188146e-01 2.908813859267598834e-01 3.018264866540468772e-01 2.482109872674625184e-01 2.705057786215139259e-01 2.295543445687690531e-01 2.096941850730706103e-01 2.313902469396320605e-01 3.247891713095236721e-01 1.903897866461334298e-01
1.667403307760886577e-01 1.097404682914450702e-01 2.129519967894713262e-01 1.919955162817286731e-01 2.909844847484188146e-01 1.966816822609646076e-01 1.966160321745504536e-01 1.994634692757863148e-01 1.659699607081936146e-01 1.786516327208686750e-01 1.561095258832082000e-01 1.468848722048922140e-01 1.624523154311476869e-01 2.238020852467434429e-01 1.382674152885663976e-01
1.666648169134901658e-01 1.096524531692488619e-01 2.128854911234930036e-01 1.919232189849612302e-01 2.908813859267598834e-01 1.966160321745504536e-01 1.965526523746199128e-01 1.993733654021693225e-01 1.658808996295364213e-01 1.785662372069977133e-01 1.560149602396682100e-01 1.467961974407017978e-01 1.623926093607638288e-01 2.237557260065593800e-01 1.381927798371752614e-01
1.690551069444300725e-01 1.090373385566218989e-01 2.164350367534690900e-01 1.934020583535135396e-01 3.018264866540468772e-01 1.994634692757863148e-01 1.993733654021693225e-01 2.073119481167178257e-01 1.728811595668870438e-01 1.879543525703456786e-01 1.634283001967853088e-01 1.539193532818742549e-01 1.687815011270340226e-01 2.326567128485658720e-01 1.442573209066392581e-01
1.385773167642663506e-01 9.035427998237052782e-02 1.785437757529458047e-01 1.593575819506889979e-01 2.482109872674625184e-01 1.659699607081936146e-01 1.658808996295364213e-01 1.728811595668870438e-01 1.492388131324104417e-01 1.623569386616662558e-01 1.424885429664140557e-01 1.363244320764232242e-01 1.486703245422220931e-01 2.011807383234061053e-01 1.276456950628220011e-01
1.441531787399138731e-01 9.220078447125300281e-02 1.889069689368157445e-01 1.671781282936309621e-01 2.705057786215139259e-01 1.786516327208686750e-01 1.785662372069977133e-01 1.879543525703456786e-01 1.623569386616662558e-01 1.858779121178289195e-01 1.639145987103859115e-01 1.558469668949692133e-01 1.696226678134006294e-01 2.303591504152119884e-01 1.447946505579168763e-01
1.277139449695227913e-01 8.528180868553682237e-02 1.629439971094760464e-01 1.450234113997188046e-01 2.295543445687690531e-01 1.561095258832082000e-01 1.560149602396682100e-01 1.634283001967853088e-01 1.424885429664140557e-01 1.639145987103859115e-01 1.532166048179708362e-01 1.471687663578277461e-01 1.578210423058228340e-01 2.124111857984734286e-01 1.406590299264087462e-01
1.178893685078965803e-01 7.960523297051973202e-02 1.509241570909186092e-01 1.350727962428892592e-01 2.096941850730706103e-01 1.468848722048922140e-01 1.467961974407017978e-01 1.539193532818742549e-01 1.363244320764232242e-01 1.558469668949692133e-01 1.471687663578277461e-01 1.499670578417058031e-01 1.642115783097072568e-01 2.172567139674849157e-01 1.505608138245990713e-01
1.344077606797807467e-01 9.226479165946165073e-02 1.678324111941252861e-01 1.523410555638230190e-01 2.313902469396320605e-01 1.624523154311476869e-01 1.623926093607638288e-01 1.687815011270340226e-01 1.486703245422220931e-01 1.696226678134006294e-01 1.578210423058228340e-01 1.642115783097072568e-01 1.974807695469303070e-01 2.710135232493157131e-01 1.752822258533512367e-01
1.913805658182368419e-01 1.284302054665675819e-01 2.333719951961201466e-01 2.120530373415433489e-01 3.247891713095236721e-01 2.238020852467434429e-01 2.237557260065593800e-01 2.326567128485658720e-01 2.011807383234061053e-01 2.303591504152119884e-01 2.124111857984734286e-01 2.172567139674849157e-01 2.710135232493157131e-01 4.046470309086320771e-01 2.463347457967890175e-01
1.141493161405695705e-01 8.026409152464331065e-02 1.383817255237618227e-01 1.258442825035891721e-01 1.903897866461334298e-01 1.382674152885663976e-01 1.381927798371752614e-01 1.442573209066392581e-01 1.276456950628220011e-01 1.447946505579168763e-01 1.406590299264087462e-01 1.505608138245990713e-01 1.752822258533512367e-01 2.463347457967890175e-01 1.805818710917867498e-01
