Year,Month,Day,realization,ORO_fnf,SHA_fnf,FOL_fnf,YRS_fnf,MHB_fnf,PAR_fnf,NHG_fnf,NML_fnf,DNP_fnf,EXC_fnf,MIL_fnf,PFT_fnf,KWH_fnf,SUC_fnf,ISB_fnf
1997,10,1,1,2199.7057536837137,9558.167559359312,854.0897563967762,666.9790576964692,58.73197998050495,1.3538137318291552,1.3564459451371038,254.94218420906023,341.22787527830866,321.25252711491885,93.6718690647588,686.657847106928,80.41563850139585,15.20683610672189,690.7207558280882
1997,10,2,1,2780.208998015943,7108.397282150577,783.7835675810247,700.8358376283899,58.73197998050495,0.7902973561439232,0.7918339273642994,254.94218420906023,472.46938821774427,321.25252711491885,424.868834686522,752.4454031126896,101.859894590559,32.819656856288574,650.4286738281592
1997,10,3,1,2696.236878276324,10550.846985119952,945.227360351598,673.7503907508831,58.73197998050495,0.7902973561439232,0.7918339273642994,37.54600568523904,472.46938821774427,321.25252711491885,582.103757759433,3462.0714323221146,5.35998149327765,42.19674165516032,598.6246045044215
1997,10,4,1,2479.0044814466405,9233.079574791594,111.96907333437304,644.9721106098183,58.73197998050495,0.7902973561439232,0.7918339273642994,37.54600568523904,580.3790263765611,321.25252711491885,123.7806841212884,233.34030117338492,53.610464677661966,37.50819925573085,690.7207558280882
1997,10,5,1,2289.1544001465863,4371.272487275904,1051.9885799013375,560.3301034500003,58.73197998050495,0.7902973561439232,0.7918339273642994,364.335487228423,208.5281338440949,321.25252711491885,953.4457366556064,233.34030117338492,101.859894590559,32.819656856288574,633.160692842414
1997,10,6,1,2603.137249341018,6751.381010390286,15.623615594814147,407.97447909641534,58.73197998050495,41.45776231614406,41.538368437297,189.1207264127284,208.5281338440949,321.25252711491885,1067.1901490915277,233.34030117338492,101.859894590559,28.13111445684631,696.4767494900245
1997,10,7,1,2561.151162963989,5839.973631072863,15.623615594814147,548.480213274805,58.73197998050495,0.6288018094536432,0.6300243856855077,520.0820314441108,208.5281338440949,321.25252711491885,1030.3904862446273,233.34030117338492,5.35998149327765,14.065627198314006,656.1846674900955
1997,10,8,1,2329.3149952872345,7424.777564223449,15.623615594814147,584.0298838002094,58.73197998050495,0.6288018094536432,0.6300243856855077,189.1207264127284,208.5281338440949,321.25252711491885,160.58034696815795,4218.628552043707,34.84678448595764,4.687982640317792,696.4767494900245
1997,10,9,1,1940.4873234914403,7456.705851416606,15.623615594814147,573.8728268887536,58.73197998050495,0.6288018094536432,0.6300243856855077,400.4909301629593,208.5281338440949,321.25252711491885,923.3369215991476,111.01652896664498,34.84678448595764,4.687982640317792,604.380598166358
1997,10,10,1,1878.4209395440869,6562.713877088287,15.623615594814147,562.0229367135582,58.73197998050495,0.6288018094536432,0.6300243856855077,203.0266920098676,6.193896297725693,321.25252711491885,1358.2420279711562,986.8137011350898,150.10932450345604,14.065627198314006,725.2567177996425
1997,10,11,1,2612.264705522265,10199.6358259999,15.623615594814147,441.8313163582617,58.73197998050495,12.39227487339209,12.41636911181692,303.149373837104,6.193896297725693,321.25252711491885,324.5061178314837,468.7365057826341,16.083104294250386,14.065627198314006,529.552554194939
1997,10,12,1,2696.236878276324,5105.623025640192,15.623615594814147,529.8589900451958,58.73197998050495,12.39227487339209,12.41636911181692,470.0206229125407,6.193896297725693,321.25252711491885,76.944749588909,337.1613035087796,117.9429988848084,4.687982640317792,684.9647621662161
1997,10,13,1,2517.339638365018,7874.676174776404,15.623615594814147,511.23776681558667,58.73197998050495,1.017078336602614,1.0190558369557936,381.0226459449479,6.193896297725693,321.25252711491885,76.944749588909,501.6303289165156,10.7199629865553,18.75416959774348,742.52482515189
1997,10,14,1,2312.885627174904,6684.62191321892,15.623615594814147,599.2654405027023,58.73197998050495,1.017078336602614,1.0190558369557936,381.0226459449479,208.04210631608095,321.25252711491885,1518.822374939463,296.0441374190944,75.05460373663092,4.687982640317792,558.3326488709951
1997,10,15,1,2294.6308208409605,6144.743620796873,15.623615594814147,524.7804902543401,58.73197998050495,1.017078336602614,1.0190558369557936,456.1147249334061,65.78275348654164,321.25252711491885,30.10881505652961,353.60826020688603,24.12471495645738,14.065627198314006,679.2087685042795
1997,10,16,1,2466.2261488211816,6124.425625953164,15.623615594814147,518.009099870182,58.73197998050495,1.017078336602614,1.0190558369557936,386.58503218382464,65.78275348654164,321.25252711491885,326.1788297789185,341.2731103800134,24.12471495645738,9.375965280635585,661.940661152032
1997,10,17,1,2174.1490354190155,8983.458389890087,15.623615594814147,545.0945467476889,58.73197998050495,0.3752194403952887,0.3759489776877455,570.1433723577817,65.78275348654164,321.25252711491885,326.1788297789185,176.8040849722774,144.7482897387365,18.75416959774348,546.820535180684
1997,10,18,1,2018.9830225366852,9160.515297911606,15.623615594814147,541.7088802203912,58.73197998050495,0.3752194403952887,0.3759489776877455,492.2701002499378,904.1080867633958,321.25252711491885,746.029528622785,201.47447488835377,21.44413905900052,18.75416959774348,759.792806137635
1997,10,19,1,2791.1618924191307,8080.758713067508,15.623615594814147,629.7365539075068,58.73197998050495,0.3752194403952887,0.3759489776877455,364.335487228423,287.27305619890024,321.25252711491885,224.14340097626985,287.8207042012893,155.47035926822096,18.75416959774348,673.4526484758406
1997,10,20,1,2146.766772903496,7294.161892666938,15.623615594814147,446.90981614911743,58.73197998050495,0.3752194403952887,0.3759489776877455,397.7097370435736,0.728822426552175,321.25252711491885,976.8637039217998,826.4564825985876,40.207819250707765,14.065627198314006,679.2087685042795
1997,10,21,1,2309.2346977169104,6620.765338833775,15.623615594814147,450.2954826764152,58.73197998050495,0.3752194403952887,0.3759489776877455,381.0226459449479,0.728822426552175,321.25252711491885,809.5925091634025,838.7916324254602,40.207819250707765,14.065627198314006,523.7965605330025
1997,10,22,1,2252.644734463931,6115.71792345832,15.623615594814147,516.3162666064424,58.73197998050495,0.3752194403952887,0.3759489776877455,375.4602597061765,898.2750998294431,321.25252711491885,545.304094912533,382.3902764696986,101.859894590559,14.065627198314006,575.6006298567402
1997,10,23,1,1863.817062668466,7642.470461932384,15.623615594814147,480.766596081038,58.73197998050495,2.405252823046722,2.4099293441522143,547.8938950203847,259.566495934123,321.25252711491885,10.036271685509872,810.0096161626475,18.76368019170726,4.687982640317792,569.8446361948036
1997,10,24,1,2079.2239682617687,9148.90500556274,15.623615594814147,528.1661567816377,58.73197998050495,2.405252823046722,2.4099293441522143,152.96528347829755,259.566495934123,321.25252711491885,10.036271685509872,493.4068054363793,18.76368019170726,23.44257205740404,823.1088627852455
1997,10,25,1,1896.6757458783595,8777.375851598983,15.623615594814147,470.6095964993265,58.73197998050495,2.405252823046722,2.4099293441522143,5.564955720212389,524.9659788023746,321.25252711491885,364.6512045734288,123.35167879354836,134.02610317905783,23.44257205740404,627.4046991804777
1997,10,26,1,2891.5634332851914,7389.946754245239,15.623615594814147,392.7389223941039,58.73197998050495,9.463157985485797,9.481557156508355,36.15544293449581,209.9863623388729,321.25252711491885,20.072543371019744,123.35167879354836,134.02610317905783,28.13111445684631,731.0127114615145
1997,10,27,1,2148.592264139877,8278.13354886435,15.623615594814147,473.9952630266242,58.73197998050495,9.463157985485797,9.481557156508355,83.4355907287304,157.48977175418264,321.25252711491885,478.3956170091741,682.5461304978604,171.55346356247037,32.819656856288574,713.7447304757696
1997,10,28,1,2068.2710738585806,9828.106672036143,15.623615594814147,426.59575965576863,58.73197998050495,6.157447226999609,6.169419121029669,261.43161228169555,198.3204614261596,321.25252711491885,511.8498559608535,518.0771953524556,117.9429988848084,32.819656856288574,719.500724137706
1997,10,29,1,2274.5505232706364,10080.630379723872,15.623615594814147,475.6880962901823,58.73197998050495,6.157447226999609,6.169419121029669,233.61974870552712,163.3227586881292,321.25252711491885,1124.0623553094,415.28409960374506,16.083104294250386,23.44257205740404,731.0127114615145
1997,10,30,1,2290.9798383685275,7090.981877161471,15.623615594814147,457.06687306057313,58.73197998050495,6.157447226999609,6.169419121029669,294.8058620968461,163.3227586881292,321.25252711491885,431.55968247678777,205.58619149725635,230.52496300489727,28.13111445684631,817.3528691233091
1997,10,31,1,3059.5077787926507,7755.670728499791,88.53367706243525,521.3947663972982,58.73197998050495,6.762196508222785,6.775344213273656,314.27414631485755,740.7853280752004,321.25252711491885,1227.7704960596589,620.8702911011662,69.69356897191136,32.819656856288574,725.2567177996425
1997,11,1,1,4511.220804541073,8534.857085025353,210.27988377287795,1508.867326130479,144.10838602244257,26.633708117142508,26.685491903418068,1226.87583289173,740.7819721361789,532.0169460497702,1184.2618389074453,884.1567208704178,300.5938477114832,50.97572383300479,489.2042391065176
1997,11,2,1,5109.115889930404,11388.746433986193,210.27988377287795,1309.715536839554,144.10838602244257,333.80923336350344,334.45825699631024,480.8860130069511,445.1335862685344,532.0169460497702,595.4762698812467,913.4333743034348,242.584570274284,70.09163776285749,771.2162105513196
1997,11,3,1,3009.963986931754,10587.393406921508,104.50275082746488,1091.82012527368,144.10838602244257,719.1103253273726,720.5084879576575,98.64326911524422,76.40349823479382,532.0169460497702,632.275344986751,942.7101179987832,226.7638476068525,127.43923961263393,840.2802997719128
1997,11,4,1,2913.1087254775016,8225.04025894211,40.78152954794716,829.4084388147535,144.10838602244257,7.990112435142751,8.00564757102542,89.3955027838366,76.40349823479382,532.0169460497702,893.2144415557183,193.22630981190653,200.3958984743221,101.95144766602236,828.7695761130013
1997,11,5,1,3956.165546333614,7950.971538494649,423.10858602220696,1218.3400342693524,144.10838602244257,7.990112435142751,8.00564757102542,33.908634323666924,76.40349823479382,532.0169460497702,940.049641411316,193.22630981190653,274.22601560914694,114.69534363932176,696.3966331348003
1997,11,6,1,8366.805834043042,9934.990697046034,716.2260194899741,1190.2245435268223,144.10838602244257,816.7673009045404,818.3553375069122,1374.8407703735377,1013.17712892648,532.0169460497702,1542.2166856153074,731.917780022068,305.86746094401,114.69534363932176,857.5463852603126
1997,11,7,1,7236.206757642037,11919.009855598002,2263.3760832035023,2342.961670514151,144.10838602244257,948.1602838562686,950.003787182138,1689.2662456179696,5185.473877908796,532.0169460497702,4342.293360349419,2792.9982976670617,326.9617968440135,165.67106747233933,1030.206734678234
1997,11,8,1,7573.33762456373,16414.332479317993,3318.59875690289,3481.641023465162,144.10838602244257,955.262651835156,957.1199642597757,2136.243624301316,3750.4163917907736,532.0169460497702,5349.250451116696,3887.94735651436,1819.384160027004,758.2635596590831,1628.7624694451297
1997,11,9,1,4172.227336437574,14722.256060497186,1768.899766231807,2474.1674850785607,144.10838602244257,623.2289761055982,624.4407171052909,752.1550199783144,2013.066708802413,532.0169460497702,2682.98867509468,4479.336911218617,1471.3280272830318,1032.2579528142164,1703.5820468617137
1997,11,10,1,4753.35895817621,9982.654793181484,525.0624641326406,1691.618331270882,144.10838602244257,605.4731248798626,606.650343266295,496.29904704984455,1361.975856906873,532.0169460497702,2328.3791788145168,2506.0865343973373,801.5837109275279,484.26916650393696,1231.6437668770286
1997,11,11,1,3006.238784568141,9720.502130301493,527.6113368495795,1272.2281776296236,144.10838602244257,493.6115507878854,494.5712772719605,483.9686468626684,2654.191953626524,532.0169460497702,1953.697433033816,2260.162140091169,754.1215429251882,344.08603091799085,1007.1852873604108
1997,11,12,1,3589.233060503023,10191.185331141998,425.657458739146,1276.9140831985424,144.10838602244257,518.4697012710606,519.4777593335311,413.06874435963545,1053.0398490333134,532.0169460497702,1819.8826077894169,2283.583571152249,617.0085351206374,305.8542030582854,1007.1852873604108
1997,11,13,1,3660.0119054116585,11001.47543491633,385.7254991896591,1077.7623512375428,144.10838602244257,594.8196416330142,595.9761465049364,406.9035442659946,1345.366365877207,532.0169460497702,1826.573308644465,1914.6969796929145,516.8105858834309,273.9943931551333,1243.154364169502
1997,11,14,1,2980.1623680228545,11921.988836455825,385.7254991896591,1026.2172179914753,144.10838602244257,236.1522577863356,236.61140744705548,490.1338469563091,2029.6761998320787,532.0169460497702,886.5236672329736,2072.7912331755333,527.3576953183357,248.5064612687273,1248.9097259989258
1997,11,15,1,2277.9616164520467,11481.095712467068,385.7254991896591,904.3832145643584,144.10838602244257,204.19180804572088,204.58881716291,437.729612351887,1036.4303580038234,532.0169460497702,1679.3769347547518,2020.0931486812724,595.9141992206338,242.13458325196848,1128.0475066797003
1997,11,16,1,3131.033116763597,9523.887649909031,642.3094158235468,859.8669396714873,144.10838602244257,35.511633730026425,35.580678822932136,320.5906753379673,757.391463165669,532.0169460497702,1612.469485398792,1721.4706698810082,506.26335941837743,210.2747733488036,1076.249376581004
1997,11,17,1,2730.5737566460534,15184.002251695842,237.04277609875157,805.9787963112163,144.10838602244257,422.5882833278383,423.409919626102,483.9686468626684,1096.2244381640735,532.0169460497702,1605.7787110762224,1680.4833009172864,384.9711913114069,216.6466513655752,932.3658363103294
1997,11,18,1,3004.376183386335,9556.656707618606,372.1316740870695,848.1521184198095,144.10838602244257,17.755782504258594,17.790304983904004,443.8948124454224,2365.1873058067326,532.0169460497702,1033.7200411226868,1680.4833009172864,464.07480464860976,235.76256529542792,1082.0047384104278
1997,11,19,1,2520.099823101623,10795.923944882024,586.2348126949184,869.2387508091433,144.10838602244257,17.755782504258594,17.790304983904004,416.1513782153528,737.4601031122522,532.0169460497702,1033.7200411226868,1949.8290360223675,543.1784179857672,223.01866932211576,1128.0475066797003
1997,11,20,1,3000.6509810227226,14200.929715596189,690.737509281904,883.2965248452805,144.10838602244257,548.6545933776599,549.7213397757812,348.3341095680371,1282.25041669303,532.0169460497702,3439.042794043433,1463.835560044136,464.07480464860976,223.01866932211576,972.653242750114
1997,11,21,1,3272.5908065811977,12407.567075721625,405.2666397245668,695.8596141361405,144.10838602244257,397.7302015661807,398.5035064196638,345.2514757123198,1724.0620609824457,532.0169460497702,301.0835221018203,1247.1879094333165,195.12240227194417,223.01866932211576,961.1425190912024
1997,11,22,1,2467.9469900110485,11838.576634685178,1177.5673165835562,873.9247137076246,144.10838602244257,174.0069159391215,174.34523672066004,237.36037264765287,441.8116442894154,532.0169460497702,1070.5191896958877,1463.835560044136,564.2727538857708,216.6466513655752,1128.0475066797003
1997,11,23,1,2991.337975113692,13602.149197707991,1037.3807274017474,761.4625214183453,144.10838602244257,55.04304258976733,55.15006250381342,305.1776412949685,395.3051861349044,532.0169460497702,1324.7674384745892,1674.627898020851,469.3484178811365,216.6466513655752,920.8551126514178
1997,11,24,1,2756.6501731913404,12619.076661608342,1146.981115182224,862.2098924559468,144.10838602244257,147.3732078220007,147.65974481726371,502.46424714348535,1041.4131980172217,532.0169460497702,1130.7358647291028,1645.351244587834,490.442636750946,203.90275539226303,1087.7601002399158
1997,11,25,1,3326.606240853578,13292.332371624752,1016.9899626277838,930.1557525226108,144.10838602244257,188.2115831754484,188.5775220208722,443.8948124454224,1041.4131980172217,532.0169460497702,1619.1602597215367,1709.7599543503034,295.3203515091052,229.3906872786563,955.3871572617146
1997,11,26,1,2823.7038687508034,8552.73110430905,1371.2796361770547,805.9787963112163,144.10838602244257,61.25752866942776,61.37663137786155,357.5819435173952,1959.916439645032,532.0169460497702,1679.3769347547518,1651.2065572221031,479.8955273160412,223.01866932211576,1064.7387792885306
1997,11,27,1,3281.903812490229,9249.81892946157,1465.5870046174452,817.6936175630757,144.10838602244257,61.25752866942776,61.37663137786155,533.2902476113733,652.7518228850109,532.0169460497702,1468.618461936603,1217.911256000299,411.3390234137431,235.76256529542792,874.8123443822096
1997,11,28,1,1860.738898712687,11633.025077582484,932.8779765743748,864.5528452404061,144.10838602244257,214.8452912925692,215.2630139242685,409.9861781218173,652.7518228850109,532.0169460497702,1405.0563630081667,1780.0240670093738,495.7162499834727,210.2747733488036,1012.9406491898344
1997,11,29,1,3036.040403477041,5299.654698710297,700.9328916688858,604.484111565939,144.10838602244257,232.6011425183746,233.0533877633343,520.9598474241969,1870.2253194043928,532.0169460497702,558.6771947757426,1621.9298135267547,337.50890627891823,197.53087737550425,920.8551126514178
1997,11,30,1,2616.9550845558747,5794.170014686329,683.0909996118611,616.198932817617,144.10838602244257,154.47557580088804,154.7759218949011,262.0212406399044,1222.4563365326037,532.0169460497702,772.7810180214159,1030.540258822497,406.0654101812164,197.53087737550425,978.4086045795376
1997,12,1,1,10981.530981970292,14097.877715492725,4001.423272609937,3060.361796779121,4991.528497971169,304.9708017872226,305.56375500089365,2315.00257896974,2647.63291656361,5446.193324276795,3285.1239812645244,1763.1877189328818,521.8403082550125,235.71624522814452,897.6112603095477
1997,12,2,1,4370.9544878149,13297.069485724362,1918.5928826016716,1794.279771130249,4991.528497971169,393.7972695928864,394.5629276662875,225.02686203574495,2770.5468854889496,5446.193324276795,2090.8375520312866,1775.5176335489948,880.2759632396376,490.54462601207416,1553.5581060636994
1997,12,3,1,11874.918674122597,19204.17162717955,4543.904823581022,3089.558641525301,4991.528497971169,417.4842681157714,418.2959807026343,2197.8653324040374,976.6676485785468,5446.193324276795,4144.876396295551,2548.196675580044,1022.5961111438378,592.4760622895177,1363.67867949202
1997,12,4,1,17929.281337569922,9320.432720687248,8938.50277786877,11121.349499858365,4991.528497971169,2584.849615268137,2589.875325523832,5758.222237209827,11753.231348643609,5446.193324276795,11354.084306849878,7850.089656732966,2820.0458927564937,936.494362353842,1858.5157049318009
1997,12,5,1,13966.873209208454,19651.77159957733,6599.3622776081365,6500.282804577743,4991.528497971169,1125.1350068930765,1127.322601293069,1427.2253281600283,6750.301297670055,5446.193324276795,5519.811160872294,5030.633415405096,2561.761374943604,1363.3319631398372,2364.8605476012567
1997,12,6,1,8904.34313039267,14548.522597068037,5163.528176563629,3697.384218370728,4991.528497971169,611.4220710478287,612.6108559407187,1131.2995778901595,2830.342862484375,5446.193324276795,3449.045637938281,2922.206191717372,1639.3164009715017,834.5630660161801,1697.4060109839331
1997,12,7,1,6549.048416475287,11747.216415139072,2505.8664563925818,2274.7008407254566,4991.528497971169,611.4220710478287,612.6108559407187,897.024949523061,2302.1451143274194,5446.193324276795,2933.8632883923888,2630.3965275770784,927.7160125410376,643.4417104583421,1380.9404685197185
1997,12,8,1,8106.939305158424,15324.971553414964,2640.242579091987,1940.2640521908943,4991.528497971169,583.2936701049326,584.4277650877173,823.0435626690181,1395.2394145918645,5446.193324276795,2435.4076175162454,2182.4071626949026,853.92041930447,522.3982785648952,1191.0611683144775
1997,12,9,1,8131.550515024624,16043.5675036617,2869.179753363205,2189.764502558584,4991.528497971169,281.2837345428897,281.8306331094842,567.1910382549866,3411.6926307236786,5446.193324276795,2448.78894575847,2083.7673041934954,780.1248260679023,465.0618718975528,1317.647410573451
1997,12,10,1,27069.892305338177,49053.30657131066,9488.449620775982,12106.079919662212,4991.528497971169,2134.7956125109067,2138.9462850066047,8569.516966200536,9999.216072078483,5446.193324276795,7266.078647418797,3049.6159713389343,1054.2228106780894,420.4668422874646,1300.3856215457524
1997,12,11,1,24087.011156675315,41812.53917312752,21069.68342646232,14946.138168149566,4991.528497971169,5954.33283477549,5965.909814502586,7274.841783413094,25137.56407788237,5446.193324276795,15274.822885712156,9650.267300038357,5144.607138223337,2159.6706181046784,2451.1693663733117
1997,12,12,1,14284.358123965309,21987.208354042727,10508.713001612685,5621.722692823046,4991.528497971169,1655.1328100589142,1658.350876552577,2977.7530353615016,5125.843946943524,5446.193324276795,5084.916927715671,4360.704233501546,2661.9125121153397,1497.1167720905382,2019.6255252461715
1997,12,13,1,8773.903633278667,16686.04099274188,4013.865516237837,3373.56450077192,4991.528497971169,894.1862043425842,895.9247661340019,1266.932221882771,5175.67395209156,5446.193324276795,4442.611629263043,3078.3859827215856,1370.4895719603985,955.606497909627,1714.6678000116317
1997,12,14,1,7720.542970967345,14804.294029028746,4095.984269940906,2590.557798119667,4991.528497971169,849.7730048004763,851.4252142288362,730.5667107701674,3926.602465054126,5446.193324276795,5399.378912820784,3041.395968086913,1270.338434788663,707.1487356844336,1519.0345280083022
1997,12,15,1,6861.611015039211,9804.57153614763,2951.298507066274,1993.349292210176,4991.528497971169,876.4209382700584,878.124959142976,1075.8134532272272,3909.992463338114,5446.193324276795,1532.1657938631483,2971.526120967993,1154.3739478498248,643.4417104583421,1524.7884998063903
1997,12,16,1,6165.113213873619,12864.693992146453,3269.819781217529,2001.312052414592,4991.528497971169,467.81926882975625,468.7288475082535,1057.3181234182175,2714.0729234276587,5446.193324276795,2044.002792981692,2457.7767300684923,1059.4938492470246,586.1053037909996,1565.0659232933738
1997,12,17,1,6652.415572133349,11987.763368280495,3672.948257797205,1765.0829263840687,4991.528497971169,1779.489810009699,1782.949663200092,782.9702691951763,2714.0729234276587,5446.193324276795,3452.390988365805,2059.107294437102,1075.307199014173,566.9931682352145,1415.4640465751156
1997,12,18,1,6120.813004305925,8790.620468768428,3396.7306119808104,1544.7793207625598,4991.528497971169,1169.5482064351147,1171.8221531981649,1091.2262844164231,2664.2429182796222,5446.193324276795,2739.833551338786,2342.6969553252093,911.9026627738892,516.0275200663773,1340.6630450327357
1997,12,19,1,6007.601322289896,13141.77972128268,2958.763853243014,1688.1093484217936,4991.528497971169,1436.0275411306582,1438.8196023392838,1081.9785857029688,2342.0090746726983,5446.193324276795,2201.2337488004005,2519.426664197558,922.4449739721026,503.286143009123,1352.1708622623455
1997,12,20,1,5296.336784601958,11281.347054744476,3760.043908951663,1690.7636591529492,4991.528497971169,959.3256049038454,961.1908169079164,675.0806537251342,1024.2829527851943,5446.193324276795,2217.9605009378456,2174.187159442716,875.0049246707025,496.91538451059216,1237.0925635994847
1997,12,21,1,5128.98041967438,14533.298118248167,2622.8234922535426,1613.7900811906743,4991.528497971169,8186.837582489116,8202.7552100977,829.2086275267552,1024.2829527851943,5446.193324276795,2097.528252886335,2042.6672879327296,817.0226812012833,458.691113399022,1438.4796810344003
1997,12,22,1,5094.524683450213,11768.53071231401,1712.0517468606731,1581.9389830430823,4991.528497971169,663.2374705136097,664.5269998300669,610.3468979666466,1024.2829527851943,5446.193324276795,1799.7929464509707,1964.577437561788,838.1070695373215,477.8032489548071,1219.8307745717862
1997,12,23,1,5857.472825474402,11847.6980826581,3386.7768170784907,1650.9497434711968,4991.528497971169,518.1542695436714,519.1617143138027,1149.7949076992743,6939.655273459443,5446.193324276795,1267.883918235154,1976.9074424400676,853.92041930447,496.91538451059216,1363.67867949202
1997,12,24,1,6012.523585468715,11278.302145566942,2737.292025148536,1595.210250050504,4991.528497971169,482.6236686771024,483.5620314766187,758.3098069105305,3016.374823339452,5446.193324276795,3315.23206164437,1874.1574920502364,769.5826318998832,471.4324904562891,1242.8464090310706
1997,12,25,1,6563.815152997962,11707.632797035702,2958.763853243014,1722.6147573007229,4991.528497971169,692.8462702083716,694.1933677668674,1014.1622637066628,3345.2526968148227,5446.193324276795,2984.043397869508,1787.8476384271091,853.92041930447,509.6567615678592,1386.6944403177426
1997,12,26,1,9667.291272416858,11686.318499860768,1415.9265112398666,2553.398135839326,4991.528497971169,633.6286708189175,634.8606318933364,1356.3264399259049,1660.99936909269,5446.193324276795,3198.145164020383,2359.13687156725,1070.0361604452378,560.6224097366837,1300.3856215457524
1997,12,27,1,53686.937935627,69502.84149147882,12566.658958605763,38608.8662347806,4991.528497971169,8186.837582489116,8202.7552100977,20465.11627645756,24522.99430621121,5446.193324276795,17031.126423541056,9728.357240671628,5018.1003400862855,2694.8102737268537,2151.965612936731
1997,12,28,1,39993.24937859328,46096.71062494002,48427.67320255872,17871.132697474237,4991.528497971169,7852.257912285614,7867.525018304872,9272.340716066135,27562.62308817994,5446.193324276795,12571.788042140392,9424.217571653056,7073.834756542025,6217.812854971369,6553.713348445484
1997,12,29,1,27210.176328810143,44988.367775465245,20524.71342676565,9019.175531538142,4991.528497971169,2644.067214657591,2649.2080613973635,5154.040404100812,11444.28549181856,5446.193324276795,7516.979194804391,7052.750695207524,3215.3794028745,2956.009413009301,3642.230534687789
1997,12,30,1,84795.53313051499,116403.40518829635,83397.82329092322,85453.90129844745,4991.528497971169,11879.056869856357,11902.153261068512,30335.473625539067,24227.33643616769,5446.193324276795,12240.599378365354,6740.391113199261,2661.9125121153397,2280.714189937907,3279.7335969385026
1997,12,31,1,119928.06447843013,105980.719369421,348611.56126393576,119003.74793743574,4991.528497971169,74620.13750884426,74765.22107120875,119775.95409900192,148287.377386964,5446.193324276795,117100.28460933644,55517.80700916931,15375.839054170445,3452.924797519906,4085.282319410977
1998,1,1,1,11059.212135576492,17027.36630600343,6319.929342938734,4462.816546828047,593.7578532058978,1184.0264928939896,1186.4303819891154,1796.4395748671209,2494.903921072023,1251.621511045306,3059.4419227749186,2235.940385486041,433.7447507761268,366.2551265560728,1077.3254976999926
1998,1,2,1,10915.083102883253,17865.70636474361,4970.609803317189,3948.8950432935535,593.7578532058978,1319.5476312394278,1322.2266643356236,1590.1411301557823,1430.324487237941,1251.621511045306,2757.6731444884185,1946.2260778414452,524.777602609057,301.03162370637403,782.7656535995147
1998,1,3,1,12274.62834674077,24010.51243924048,4753.424823473364,4302.105673241662,593.7578532058978,1007.4924428836812,1009.5379208450316,1812.87043331054,2701.7240314495334,1251.621511045306,3125.869014694094,1995.29058519437,463.1965454012038,285.98001219984764,335.47096017675807
1998,1,4,1,22389.472806999234,39830.21588383043,5518.963409537134,7498.6620310131375,593.7578532058978,800.6444267217223,802.2699481251881,1164.7646797139582,3594.3161647704865,1251.621511045306,2592.554369573884,1792.0232961959334,500.68062626281016,255.87684431626377,1148.23811486965
1998,1,5,1,21025.625212917013,43321.78895044874,6424.671064048772,7961.368006944237,593.7578532058978,1314.1980801561942,1316.8662522390682,1601.095062496868,2634.2353517740344,1251.621511045306,2497.658547792293,1787.3504564715042,498.0032171234065,255.87684431626377,799.1300760739152
1998,1,6,1,18112.928622043128,38556.8453382485,6683.444674845357,7265.543028406001,593.7578532058978,1681.5316105687357,1684.94556754184,1518.9408103479202,2910.721225313701,1251.621511045306,2102.891857491109,1876.133894979689,372.1636935682735,255.87684431626377,848.2234033874109
1998,1,7,1,23918.961227778946,44846.66155843841,7787.853491803769,8570.656352312473,593.7578532058978,1497.8648649441209,1500.905929511866,2115.928359936245,272.13175437732934,1251.621511045306,973.6313365453824,2051.3643005083886,797.8760992895528,336.15195867248895,700.9434214468931
1998,1,8,1,22527.148271474947,57802.414115527004,7561.426553090231,9374.210565438068,593.7578532058978,1374.8259732962626,1377.6172361478436,1838.429555348835,3424.5059477440145,1251.621511045306,1328.5417967032536,2086.410391939314,420.35752862415376,336.15195867248895,1003.6855366748504
1998,1,9,1,19154.099348940446,42102.79721572224,6711.170417664805,7436.850183350244,593.7578532058978,1201.8582515114515,1204.2983438252932,1756.2753031998873,3043.521501177926,1251.621511045306,1339.9292969842506,1974.2629096856328,503.35809422053205,311.0660130009003,766.4011712348199
1998,1,10,1,15886.458178435185,32933.16957591605,5612.922884321185,6235.933987344548,593.7578532058978,1137.6640301458856,1139.9737910949843,1478.7764986124776,2634.2353517740344,1251.621511045306,7308.877687434065,1843.4242234110725,479.2611766925805,283.47140109385253,818.2219022940645
1998,1,11,1,16598.49846993035,30023.90299611436,5195.496387679537,5628.41167596878,593.7578532058978,1057.421273020634,1059.56811980356,1230.4881134876964,2664.714138098494,1251.621511045306,2442.618956154115,1670.5301861190378,503.35809422053205,255.87684431626377,788.2204610909815
1998,1,12,1,13941.79223199619,22073.267140797256,4915.158317678433,5444.742128270924,593.7578532058978,1715.4119049459232,1718.8946479391732,1465.9969375933297,2690.838757449525,1251.621511045306,2398.966864796934,1668.193766256823,637.2299040122172,255.87684431626377,714.5805000658698
1998,1,13,1,15251.86031962768,22413.134733522973,4990.633941617974,5495.957655874317,593.7578532058978,665.123327539596,666.4737050215037,1403.9248413121345,3624.7949510949466,1251.621511045306,2769.060644769416,1864.45184729426,398.93807905392407,275.9456229053214,848.2234033874109
1998,1,14,1,12238.058284069322,20027.264270405336,5189.335104064748,5223.985479715758,593.7578532058978,1062.770784940516,1064.9284926572518,1613.8745834478063,3420.1518763930007,1251.621511045306,2565.983549478276,1948.5624460781105,597.0683551928661,308.55740189490524,790.9478648366998
1998,1,15,1,13021.087525795032,21776.44943585136,5112.3191592214735,5172.7699134107215,593.7578532058978,1071.686625085935,1073.8624343325168,1493.3816883096872,2494.903921072023,1251.621511045306,2622.921050883261,1887.815891039568,594.3909460534624,280.9628451173165,799.1300760739152
1998,1,16,1,12547.828100579576,18873.980219846864,4587.070333109779,4897.265630565582,593.7578532058978,1116.2659433029662,1118.5322604373132,1522.592107772254,2677.7764477739524,1251.621511045306,2495.760638025486,1799.032504156933,431.0672828184049,283.47140109385253,831.8589210227162
1998,1,17,1,11635.728137708296,20813.491273047995,4465.385148953738,4651.784235204831,593.7578532058978,998.57656357499,1000.6039399269828,1518.9408103479202,2490.549801909801,1251.621511045306,2398.966864796934,1745.2951570795792,530.1324208878873,273.43706692878527,744.5819412689526
1998,1,18,1,11868.055478650953,20874.66744770063,4506.973746459041,4413.367053217123,593.7578532058978,1053.8549056317852,1055.994511739163,1120.9491106224534,2690.838757449525,1251.621511045306,2378.0897740017463,1761.6499928638873,728.2627558451475,263.402677634259,780.038249853766
1998,1,19,1,10869.908339762134,20079.37727674069,3878.5235535884985,4365.683593598546,593.7578532058978,1041.3726980975568,1043.4869619995409,1356.457934728087,2697.3699122871967,1251.621511045306,2577.371049759273,1770.9956206871018,350.74418517974846,263.402677634259,815.4944985483157
1998,1,20,1,10678.453411715896,17408.018031751915,4003.289379551865,4028.367424388991,593.7578532058978,1018.1914667235249,1020.2586665524952,1433.135260774701,1817.840088641816,1251.621511045306,2309.7647723157643,1717.2582736097477,489.9708720685591,245.84245502173752,823.6767097855313
1998,1,21,1,1440.5729826921431,19571.84169217155,4218.934071939415,4132.56459099141,593.7578532058978,1084.1688326201634,1086.3699840721388,1279.780648749744,3156.728312528792,1251.621511045306,2144.6459974012287,1789.6868763337188,530.1324208878873,250.85967723373267,823.6767097855313
1998,1,22,1,1440.5729826921431,16515.29916215673,4420.715876193512,3897.6794769885178,593.7578532058978,1192.9423722027204,1195.3643629072044,1661.341490031792,2052.9619496682217,1251.621511045306,2102.891857491109,1495.299728964694,589.0360689563367,243.3338990452015,660.0323652608766
1998,1,23,1,1440.5729826921431,15094.652616599937,3628.99183476671,3848.2300220792376,593.7578532058978,798.8612430272977,800.4831440929895,1091.738691159887,2534.090897909833,1251.621511045306,2078.2189054820537,1593.4287952961874,516.7452575542097,225.77367643268,760.9463637433531
1998,1,24,1,10028.797284240927,15486.633215661444,3615.128980080714,3752.8631415438495,593.7578532058978,957.563612746768,959.5077218865432,1535.3716287231298,2738.733972611664,1251.621511045306,2138.952268100908,1535.0186084944044,530.1324208878873,218.24789824415384,760.9463637433531
1998,1,25,1,9400.65299365068,15502.493747775923,3659.798219393483,3699.881541246344,593.7578532058978,923.6833183696205,925.5586414892502,1292.5602097688916,1978.942115154936,1251.621511045306,2222.4605896014014,1770.9956206871018,473.9062995954549,210.7221200556226,760.9463637433531
1998,1,26,1,9411.408869212972,13490.47759684697,3695.2255667314535,3569.193593845994,593.7578532058978,936.1655259038486,938.0661912288724,1411.2274361607394,2427.415241396524,1251.621511045306,1161.5251120219114,1684.5486020411315,562.2616834706635,210.7221200556226,736.3997300317371
1998,1,27,1,9196.290972049595,12611.353405084888,3762.999619599929,3348.4369452908286,593.7578532058978,989.6607234295708,991.6699982517176,1305.3397307197677,2320.7395848833294,1251.621511045306,2311.662682082572,1705.5762775498688,524.777602609057,205.7049529730915,771.8559787262869
1998,1,28,1,9054.313114468978,15176.220832882876,3587.403237261407,3330.776411858285,593.7578532058978,845.2237449387136,846.9397742299446,1398.447915209801,2340.333049396689,1251.621511045306,2123.768906606042,1633.1476748258976,508.7129713176576,195.6705636785602,709.1256326841087
1998,1,29,1,9120.999671594347,15697.351145046852,3830.773639020808,3223.0471772709275,593.7578532058978,888.0198794613201,889.8227963025425,1361.934900898692,2294.614917721091,1251.621511045306,2030.7709945912584,1289.6960201039485,578.3263147620629,193.1619525725652,709.1256326841087
1998,1,30,1,6890.226877761702,14621.103751493762,2932.7676224751485,3184.1940037195054,593.7578532058978,966.4794528921872,968.4416635618084,1329.0731840117917,1589.249430264404,1251.621511045306,1884.631400705203,2018.6546289397725,465.87395454060754,185.63617438403395,720.0353075573366
1998,1,31,1,7729.186758170558,13612.829896390504,3582.782274550209,3210.684784517436,593.7578532058978,962.91312466669,964.8680947402752,1223.1854785708822,2292.437882045642,1251.621511045306,1768.8584881284255,1824.7329677645496,409.6477744298799,173.0931739835076,668.2145764980922
1998,2,1,1,7112.239838526991,14196.895264162858,3617.1716813365033,3438.092661068445,403.2167908666148,725.8401997131496,727.3138486148981,1149.626302105096,2497.0970691255743,1164.0212338935594,2093.394389411331,1567.4082529572672,656.0118232522582,185.83778283196443,777.0342128647144
1998,2,2,1,5859.325635386443,14326.060950806694,3235.691067492077,2976.530551298764,403.2167908666148,816.7931422207819,818.4514498172268,1638.673691334994,2129.172589485674,1164.0212338935594,1835.278661127576,1383.2715018512615,222.2407218765178,173.28116545395983,673.4296431640222
1998,2,3,1,6928.206415305917,12853.118922354875,2762.2873920031184,2934.735548726787,403.2167908666148,813.2263440355833,814.877410081849,965.321147538368,2061.68347950931,1164.0212338935594,2190.1877875177884,1295.694243904294,441.8038581587004,168.25854055454565,678.8825341662584
1998,2,4,1,6011.757319821959,15420.57018240377,3027.332194659254,2782.092964291303,403.2167908666148,552.8512514159534,553.9736866844896,1173.3487767026595,1711.175524329504,1164.0212338935594,1782.13718765738,1358.5702001416091,460.5470749555688,163.2359156551264,648.8916935442687
1998,2,5,1,6428.1561187957,13578.259620174837,3624.831944835436,2740.297961719203,403.2167908666148,1341.1101256451611,1343.832936347244,1264.5889403293036,1896.2262819872944,1164.0212338935594,1814.401653692899,1423.6917668074918,299.8911158399856,170.76985300425275,719.7790370121321
1998,2,6,1,6649.367947250315,14403.10716207916,2302.672184122689,2787.5444796351394,403.2167908666148,283.55918291506214,284.1348835701769,1326.6322676226928,1706.8213573560752,1164.0212338935594,1801.11628532535,1407.9727519353646,457.8694893612564,165.7472281048335,687.0618107793339
1998,2,7,1,5786.82764226808,13637.17730529421,3254.075679821012,3000.1538102567324,403.2167908666148,779.3418983478671,780.9241699457214,1454.3685367682035,1985.486083397296,1164.0212338935594,1992.8051717713583,1394.4993474918044,524.8094233108158,165.7472281048335,673.4296431640222
1998,2,8,1,6127.010556143728,12662.769497263342,3791.825481737442,3103.7327178955484,403.2167908666148,946.9806689489212,948.9032918944748,1593.053609521703,3132.80095299548,1164.0212338935594,1884.6243150642583,1843.6134312418249,291.8583002387076,165.7472281048335,703.4204238957482
1998,2,9,1,7177.302133446565,12544.934127025455,3517.5883896404966,3318.1592073978723,403.2167908666148,993.3488495398252,995.36561224015,1700.7170186283831,2035.558668913451,1164.0212338935594,4179.197139755633,1917.7172847452323,543.5526401076842,138.12268089911723,757.9491542471973
1998,2,10,1,6690.264287344059,13460.42424993695,4018.5689668992,4041.394363287458,403.2167908666148,1178.821532740249,1181.2148543801454,1855.825336861919,2518.8677605592125,1164.0212338935594,2590.6467483109686,1791.9653206450523,594.4270016730284,168.25854055454565,774.3077673635811
1998,2,11,1,10305.86972787797,14060.931417532756,4928.607093219388,4688.308188257535,403.2167908666148,1348.2436828522466,1350.980976575176,2333.9239224838907,2751.814068057708,1164.0212338935594,3004.391035791444,2391.532670204906,460.5470749555688,183.32647038225733,826.1100522139272
1998,2,12,1,8770.399250462759,12125.71217120616,5495.465856294756,4859.122516307151,403.2167908666148,1457.0305379591691,1459.988697968667,2560.1995843735112,3962.2639284700335,1164.0212338935594,3036.655501826864,2059.1882120919904,816.6677823678414,188.34909528167157,815.2043300997491
1998,2,13,1,9448.906175104656,15554.268025466852,5236.549291195675,4813.693195973589,403.2167908666148,1416.0125350643673,1418.8874176046077,2653.2645753136567,3037.009996747807,1164.0212338935594,3571.866056062342,1960.38310850448,559.618212491922,185.83778283196443,913.3560087981743
1998,2,14,1,40632.34137638672,14310.198527743232,5115.517268392207,4811.875998391214,403.2167908666148,1539.0665437487726,1542.191258696787,2472.60899523739,4132.075245154387,1164.0212338935594,3308.056598478167,1935.6818584203772,1001.4220706506452,200.9057126596761,815.2043300997491
1998,2,15,1,9999.147413016806,15275.542072696906,5227.356968307409,4744.640577980537,403.2167908666148,1483.7813872765278,1486.793858634079,2370.4199879346106,3899.128937655891,1164.0212338935594,3048.042960427605,1457.37530372912,406.9950689775941,188.34909528167157,997.875519881319
1998,2,16,1,10475.031711820991,22545.077577051758,4436.818805401495,4083.189327157792,403.2167908666148,1444.5468030559814,1447.4796177591202,1813.8548696073603,3637.880783886202,1164.0212338935594,2509.036628338868,1270.9929421946415,682.7877968320865,200.9057126596761,815.2043300997491
1998,2,17,1,8528.73923052117,14729.42048356253,3655.472965383566,3594.369601967036,403.2167908666148,1216.2727374498522,1218.7420950088274,1894.146229626078,2002.9026556685967,1164.0212338935594,2611.523755745646,2438.689663195738,656.0118232522582,180.8151579325452,853.3743874444893
1998,2,18,1,10080.94005032409,7768.069774537533,3650.876820663303,3518.048309749294,403.2167908666148,1510.532275757159,1513.5990585422746,1766.4099604805674,2020.3191801288065,1164.0212338935594,2351.510117695085,1886.279306626622,573.0061992818476,180.8151579325452,877.9123370642428
1998,2,19,1,8800.142000377982,10494.1455637893,3943.498491641725,3768.818286479757,403.2167908666148,1314.3592371645302,1317.0277364390483,1885.0222132633828,2882.438121037006,1164.0212338935594,2769.050224709174,2164.730043714197,594.4270016730284,180.8151579325452,768.8548763613449
1998,2,20,1,9571.59510962495,8384.43936519637,4096.7035609352015,3240.0207562993987,403.2167908666148,889.9121721290448,891.7189308283135,1930.642295076736,2531.9301658572,1164.0212338935594,2518.526177172803,2137.783183201433,503.38862091963495,163.2359156551264,749.7698177438277
1998,2,21,1,7833.502006372029,11749.545427680609,3379.7038473448847,3479.8876636404225,403.2167908666148,1095.0021474397022,1097.225293405749,1625.9001004818374,2610.3046454559862,1164.0212338935594,2243.329260987985,2149.01102884207,348.0878918109947,173.28116545395983,747.043432133019
1998,2,22,1,9567.877260525687,9195.69048760425,3925.113879312791,3545.305925170368,403.2167908666148,1021.8831175314392,1023.9578123946624,1824.803673215224,3298.2581505176117,1164.0212338935594,2731.0920293733334,2236.5882867890377,880.9301307231112,203.4170251093832,899.7238411828936
1998,2,23,1,7448.70490330311,13245.14808894346,3352.126912127825,3116.45294616572,403.2167908666148,1055.7675240558438,1057.9110132879662,569.3387492486162,2333.8170029015373,1164.0212338935594,2133.250494513978,1592.1095546669198,133.87998553575486,195.8830877602619,684.3353652782005
1998,2,24,1,5909.516576788374,11901.371747135909,4035.421553286256,2896.574902617916,403.2167908666148,1098.568906461589,1100.799293898303,569.3387492486162,1693.7589520582028,1164.0212338935594,2042.1508257079413,1706.6336215010076,591.7494160786932,178.30384548283808,657.0710300476383
1998,2,25,1,6298.031486076351,11287.268209805396,3454.774322602359,2820.253610400174,403.2167908666148,986.2152923327794,988.2175720122574,1343.0555131027909,992.7430416985904,1164.0212338935594,2053.538284308684,1486.5677230448073,570.3286136875124,163.2359156551264,700.6939783946149
1998,2,26,1,6100.985655328032,12488.282495235271,3012.0116676615307,2623.9988645118588,403.2167908666148,902.3959070322326,904.2280110378608,1481.740585856228,672.7140162768654,1164.0212338935594,1886.5222248309656,1587.6183854353349,377.54150980345344,175.79253303313098,752.496263244961
1998,2,27,1,7439.410301994658,10879.376570391614,3563.549937186491,2663.9766695014605,403.2167908666148,1080.7350330255708,1082.9292129499242,1492.6894295323634,1580.5514235389985,1164.0212338935594,2030.7633671071992,1446.147458088577,471.2574761511592,168.25854055454565,714.3262059001902
1998,2,28,1,5952.271819991779,10079.455714627516,3198.9218428342074,2627.633182273321,403.2167908666148,946.9806689489212,948.9032918944748,3244.5009317780627,1669.811224949,1164.0212338935594,1985.2135327042304,1583.127267829395,519.4542521221682,180.8151579325452,670.7031976629194
1998,3,1,1,8070.468565035695,11750.2214916387,3191.426174123113,2961.042612760887,353.53465160341113,947.1630916329144,949.0860849450968,1426.3136850047388,2283.7500112969738,2016.8755757062647,2321.138309716047,1693.4832900737508,484.6318170948472,170.9042035067424,730.7129075619807
1998,3,2,1,7771.187865852283,10930.85740268632,3665.5809115832094,3157.950100788791,353.53465160341113,1310.4357787424676,1313.0963123515444,1793.8637487539052,1748.189959745575,2016.8755757062647,2581.1513642432383,1500.077110532877,476.5992367667959,175.93079772752608,736.165978235069
1998,3,3,1,8974.3772362572,11498.109448957268,4022.716681967135,3490.463665330182,353.53465160341113,1333.658679875154,1336.3663621579517,1940.152328749124,2181.4275655330634,2016.8755757062647,3044.240263654321,1622.724930445983,800.5796237553665,183.47068905870677,687.0882822869198
1998,3,4,1,9481.941144438964,11952.811525936428,4341.85931944785,3683.6559104328135,353.53465160341113,1287.2128776097416,1289.8262625450975,2102.8983724913296,2338.176859409087,2016.8755757062647,3122.054397371889,1587.3457506320997,730.9639863971488,304.1088952281226,790.6968047466311
1998,3,5,1,10450.559162977974,11628.667520821971,4518.147595259148,3544.334590993932,353.53465160341113,945.5042906015444,947.423916105883,2152.270763732043,3198.1208683349546,2016.8755757062647,2592.538781163825,1934.061692158016,508.72955807902383,359.4014316567738,670.7290103773304
1998,3,6,1,10337.317783732173,11500.36047421937,3849.4678407331166,3079.930154162807,353.53465160341113,721.5690886148524,723.0340660236445,1433.628099980636,2651.675447161134,2016.8755757062647,2298.3634341948173,2028.406137244704,637.2506668730726,273.9493299034052,804.3295113745293
1998,3,7,1,8292.906941079615,12060.859544228346,3037.933757985125,3046.4930452377844,353.53465160341113,718.251525715424,719.7097675880401,1444.5997424785862,1297.5357816867854,2016.8755757062647,2321.138309716047,1743.0141314881157,546.2148741249907,238.76322548736297,755.2517555360554
1998,3,8,1,8723.628526121882,11318.029468232326,3545.522476482018,2832.867022098191,353.53465160341113,1388.3984089707933,1391.2172274812283,1532.3729225303346,1920.1787424062427,2016.8755757062647,2279.384378207102,2049.6336554581067,511.407084855041,231.22333415618235,744.3456141898789
1998,3,9,1,8422.325635714626,12135.142531923038,2662.561246346705,2818.0060503967334,353.53465160341113,615.4071933230418,616.6566338127352,1265.396234989517,2103.05294250054,2016.8755757062647,2207.263973789956,2179.3572803586785,709.5438310073073,221.17014571460984,567.1204879176191
1998,3,10,1,6624.619163630166,9213.344186561792,3252.215233594406,2739.98614247227,353.53465160341113,721.5690886148524,723.0340660236445,1512.258231261356,2013.7929020345025,2016.8755757062647,2374.2796581455777,1757.1657930885028,315.94780666051923,223.68344282500172,877.9461151870778
1998,3,11,1,7633.680492082565,11536.376480316532,3294.7675852585203,2559.7971895560554,353.53465160341113,1278.9189899428266,1281.5155360774984,1283.6823325315738,1593.6177493562086,2016.8755757062647,2007.983906759423,1698.2004761901485,704.1887774552504,228.7100370457854,717.0802009340827
1998,3,12,1,6563.954155880146,11399.06548195159,3338.8396542113446,2699.11854769658,353.53465160341113,777.9675795785499,779.5470609433117,1475.6860762455149,1789.554354748493,2016.8755757062647,2174.999591115046,1655.7454913888932,653.3158275291979,213.63025438342925,722.5332716072014
1998,3,13,1,7445.618980921112,10057.469304587328,3395.0695283689083,2853.3008001352755,353.53465160341113,791.2377920129513,792.8442154429057,1581.745313771048,1809.1480105065664,2016.8755757062647,2237.6304883784123,1691.124671202777,594.4102972750487,201.06376883145984,548.0347106166327
1998,3,14,1,8276.729582810201,10161.015322117211,3733.9685909456543,2862.588888097818,353.53465160341113,1395.0335347696498,1397.8658243524371,1740.8341299911383,3032.663288323281,2016.8755757062647,2907.591093887156,1702.9177139321905,428.40381361673786,216.1435514938211,872.4930445139591
1998,3,15,1,14286.60998980413,11450.838465835664,5525.726445809382,5052.720161262188,353.53465160341113,620.3835180905285,621.6430618447299,2572.850446243913,2264.1563555389,2016.8755757062647,3076.5046463293306,1813.7724911158832,704.1887774552504,193.5238775002792,689.8147876783167
1998,3,16,1,13479.76533955902,11428.328462024612,5566.759046737329,4957.981679524391,353.53465160341113,1204.2738834506174,1206.7188801405953,1980.3816712188711,3801.170221107546,2016.8755757062647,2695.025658489075,2023.6888995026625,755.0617273813255,211.11695727303237,937.9300123717284
1998,3,17,1,10656.82018075248,11394.563481189554,5050.051957613118,4450.852045805701,353.53465160341113,1278.9189899428266,1281.5155360774984,1974.895849969896,2939.049128694906,2016.8755757062647,3154.3187800467986,2452.9562433858537,714.8988845593415,218.6568486042129,951.562718999596
1998,3,18,1,11360.534322110609,11459.842467359738,4920.875185332065,4133.199414264125,353.53465160341113,1151.1929553863483,1153.5301836565327,1978.5530774919491,2838.9037664176526,2016.8755757062647,2602.02832999776,2349.1773228151765,634.5731400970554,218.6568486042129,886.1257511418573
1998,3,19,1,11366.60081002147,8895.953157710175,4615.410103792256,4612.464784095064,353.53465160341113,2519.686026123923,2524.801659766998,2552.735754974997,4073.3043660455824,2016.8755757062647,3287.172171960605,2417.57706357197,1049.5893786520032,226.1967399353936,842.5010659765021
1998,3,20,1,10573.911326821924,11630.91849632234,5270.412335824699,4045.891379675474,353.53465160341113,2519.686026123923,2524.801659766998,2106.555600013383,3276.4954913673632,2016.8755757062647,3309.947005801679,2599.1902003834307,527.4721866928711,258.86960237050795,940.6565177631252
1998,3,21,1,10434.381804708564,11029.90141945373,4176.209098105123,3795.1129659838207,353.53465160341113,1295.506765276696,1298.1369890127366,1733.5197150152417,2849.789136040076,2016.8755757062647,2991.09891522489,2516.63879802625,578.3451366189462,246.3031168185385,905.2115284428436
1998,3,22,1,11985.383906225192,11450.838465835664,4832.731047426416,5283.064758215115,353.53465160341113,1479.6312907968322,1482.63533635333,2702.6815624922688,3674.8999526120183,2016.8755757062647,4124.148461824971,2559.093782827505,910.358103935568,243.78981970814672,959.742354954406
1998,3,23,1,14351.319337121638,12119.38555413656,8083.426530284654,6953.063105474378,353.53465160341113,2526.321112759468,2531.450217395384,4355.742552499931,5486.225046605473,2016.8755757062647,5285.666571566348,3174.6914496386494,1124.560010743937,276.46262701379703,992.4608388832598
1998,3,24,1,15518.109694300449,11480.101495670422,8609.251990036184,7510.348421931424,353.53465160341113,2519.686026123923,2524.801659766998,4783.636649987699,6892.614476705162,2016.8755757062647,6052.420325100119,4542.686316399886,1196.8531748781716,291.5424096761583,1254.2087103142449
1998,3,25,1,15412.956994189615,11732.21348859012,10141.13654960164,8132.650354126638,353.53465160341113,3096.9412656851555,3103.228881191654,4984.783442472668,8545.01319333582,2016.8755757062647,7043.126972632714,5587.551327094221,1606.51430106279,306.62219233851454,1398.7154125479449
1998,3,26,1,13880.154399286042,11475.599494908383,9679.139617346282,8457.73343281724,353.53465160341113,2889.593839032293,2895.460484044615,5319.418578727983,9596.539688491752,2016.8755757062647,6927.354726939816,6828.181136200405,2093.823644933654,314.1620836696951,1439.6134725413146
1998,3,27,1,15109.63195543872,11975.321529747043,9537.80503986049,8624.919016143871,353.53465160341113,3748.841611738637,3756.452758553255,5193.244690001681,8314.24344340082,2016.8755757062647,6701.50396485444,7431.985760282041,1769.8432579450837,319.18867789048386,1581.393609493293
1998,3,28,1,15601.018548231275,12108.130527350382,9583.396826102024,8065.776097574951,353.53465160341113,3133.4344184155952,3139.79612474052,5094.499907520253,9609.602141600946,2016.8755757062647,7341.098097454981,7410.758242068544,1657.387250988865,334.2684605528401,1455.9727444509035
1998,3,29,1,13811.400712401051,12303.967585385271,7440.582136904267,6273.175004690139,353.53465160341113,2612.57766981802,2617.88189823549,3823.617851281761,7894.068242911317,2016.8755757062647,5794.305180339734,6809.3122368578815,1352.149551432414,334.2684605528401,1485.9646630980667
1998,3,30,1,10873.19206888554,10795.79737982088,6654.883415301922,6143.141773213924,353.53465160341113,2415.182892700132,2420.08635715244,3474.3538450064425,6054.441207024139,2016.8755757062647,5500.1298750510805,5483.77240652345,1357.5046049844484,296.56900389694204,1284.200688851732
1998,3,31,1,11819.566241244276,11700.699483254994,6279.510903663643,6681.850913745761,353.53465160341113,2328.9263748048907,2333.654715555156,3346.351322485009,5261.986499319464,2016.8755757062647,4439.200732868146,4882.326401312881,1167.4003803419607,286.51581545536953,1284.200688851732
1998,4,1,1,11742.243058621154,12071.976880084838,6706.876303209268,5876.646036265973,740.0325166858952,2630.7297451234144,2636.0708270877785,4000.0440295383446,6426.729272446099,3680.921763644545,5541.897019196351,4989.58416468878,1201.8859041313565,293.55744669565667,1218.9383011854443
1998,4,2,1,9630.932844003266,11482.989422345849,7344.973737421418,6023.471568211341,740.0325166858952,3004.135742103144,3010.2349376820102,4345.095743127394,7008.008603142068,3680.921763644545,6135.942817882602,5814.7474955477055,1496.334562421488,268.4670906669913,1273.4769733248115
1998,4,3,1,10794.098916858236,11582.664269585754,7038.869709685418,5746.134452314644,740.0325166858952,2992.877270422797,2998.9536083059425,4315.885003119028,7471.725855855746,3680.921763644545,6874.229800525241,6731.595675363701,1512.3953705231927,278.50324410435127,1453.4544177028797
1998,4,4,1,10044.59403712661,11931.526010997615,6764.746706761687,5428.918839878994,740.0325166858952,5300.864121546445,5311.626287370442,3822.953960809964,7974.630515708101,3680.921763644545,6648.378538276907,6644.736374661427,1560.577912464966,270.9760876792345,1368.9195747058288
1998,4,5,1,11093.081726721688,9185.938516305525,6455.596889437081,5874.833366777463,740.0325166858952,3015.39421378349,3021.5162670580776,3742.6244959062474,7010.185686628724,3680.921763644545,6088.495073712727,9236.038802591758,1568.6083165158184,278.50324410435127,1701.6051573374436
1998,4,6,1,9704.654640372866,10019.582254413615,6892.670772562893,5931.025850011853,740.0325166858952,2957.225423853384,2963.229378993657,4023.777723239749,7031.956473684777,3680.921763644545,7390.461298773005,8138.233750614851,2149.4752290452066,281.01224111658945,1794.3208340950655
1998,4,7,1,9180.410817015563,11618.909627868054,7136.335678916253,6050.661455733398,740.0325166858952,3364.4068750374254,3371.2375169588754,4675.542106746395,8586.388919595774,3680.921763644545,8696.223343366799,8946.507817459393,1932.6539079438976,296.06649883736395,1862.4941293515617
1998,4,8,1,8918.288883896676,12139.936982846157,7474.420731464383,6619.836927330676,740.0325166858952,1503.006067234083,1506.057569811615,4819.770057905658,9082.762328987928,3680.921763644545,8808.200019607513,9074.383968572629,2468.0151583062134,301.08454799130936,1987.9329614805567
1998,4,9,1,9612.502427070953,10189.482461554531,8066.831020820765,6561.831774607655,740.0325166858952,1503.006067234083,1506.057569811615,4803.339039189277,11401.348592556436,3680.921763644545,8756.956455904123,8145.472021371307,2494.783191415176,298.5755509790661,2001.567644487949
1998,4,10,1,9133.31077210799,9605.025717142296,6563.723189122807,5711.693925539823,740.0325166858952,1503.006067234083,1506.057569811615,3974.4846270224593,10134.290210668982,3680.921763644545,7663.760346871271,9976.755606875806,2133.414362125184,281.01224111658945,2047.925482866776
1998,4,11,1,9372.90657814937,9020.56892296789,6298.737588412208,5762.448400308561,740.0325166858952,2842.7643146848964,2848.5358832917623,4058.465469486929,8971.73145365463,3680.921763644545,6754.6614852173,8512.211313947926,2071.8478330380885,238.35863035491144,2413.334280760057
1998,4,12,1,7376.274746791109,11161.311712085824,4562.625214263242,4352.198388384724,740.0325166858952,2433.706471135754,2438.647543385245,2546.8103051270373,6659.676392735,3680.921763644545,5868.337540764813,6191.137833008084,1191.1786791241216,205.74111790112937,1543.443169837076
1998,4,13,1,6163.960838276543,13866.1231849306,4114.890967235081,3980.6029235015512,740.0325166858952,1979.614740865265,1983.6338859744976,2751.285405049366,5414.388750092396,3680.921763644545,4879.526468905547,5370.799998778123,1349.1102332764224,205.74111790112937,1437.092810072031
1998,4,14,1,10339.481179725071,15988.743270026727,5971.312899766426,6699.593997811748,740.0325166858952,1503.006067234083,1506.057569811615,2806.055507505408,5734.418970794417,3680.921763644545,4378.478248792139,5891.955802991863,1359.817458283657,198.21401660547667,1287.1115964419405
1998,4,15,1,12872.643836235871,12626.984236681645,6897.239490393258,6795.665016286734,740.0325166858952,2309.863282651982,2314.5529202485423,2813.35822255864,4517.433317856742,3680.921763644545,4554.983857103892,4929.265224510295,926.1748748993348,175.63265758904953,1418.0043377080506
1998,4,16,1,24408.056298295756,18670.90137528425,10214.127932802854,10774.455270299775,740.0325166858952,2482.493181750576,2487.533304014857,4712.055521739784,7119.039526286572,3680.921763644545,5545.692838729865,5571.058909081005,1153.703362189606,185.66881102640943,1420.7312623314765
1998,4,17,1,19061.17863522268,15420.143872972702,10067.92899568033,9404.083793616535,740.0325166858952,2842.7643146848964,2848.5358832917623,3855.816038310872,7434.715580015049,3680.921763644545,5875.929179832041,5305.65551034503,1027.8934830590329,210.75922218453888,1439.8197945857507
1998,4,18,1,15201.023729817896,18020.74988477429,9833.40152498756,8053.651565202713,740.0325166858952,2216.042685315814,2220.541842114699,3545.452070969004,6328.760802410673,3680.921763644545,5380.574689018954,5332.19587086882,1453.505662392503,175.63265758904953,1137.1303828118196
1998,4,19,1,26339.157667814397,17501.987886459778,10575.05654105507,13538.762888316222,740.0325166858952,2812.7417235372927,2818.4523382889024,3777.312202085217,6441.968761230743,3680.921763644545,4782.733029118934,5110.2220966713,1319.6653792110772,170.6146084351041,1240.7537580631142
1998,4,20,1,22167.73299363112,20141.104613206822,9359.777865771795,10399.234505141105,740.0325166858952,2523.774244578526,2528.898178393785,3156.584267401417,6404.958485390045,3680.921763644545,4680.245901712155,5363.561728021761,1255.4220291675997,163.08745200998737,1183.4882211906154
1998,4,21,1,28055.23710624152,20188.676655282758,16362.097866262317,16560.468296556537,740.0325166858952,2399.9310560947542,2404.8035552570823,5374.773877655787,7175.64350569655,3680.921763644545,5524.815831295187,5271.876879064785,1175.1178122040988,163.08745200998737,1251.6615164471114
1998,4,22,1,25593.748455348024,23398.658135746988,15725.523326844468,14269.265131662383,740.0325166858952,3233.05799960347,3239.621968328664,3841.2106883407623,8621.222159760906,3680.921763644545,5488.755545726154,5619.314081873976,1474.9201124069957,386.3918797735934,1475.26987458058
1998,4,23,1,19390.878863813687,14661.2562080928,11517.735108208775,10196.216528662988,740.0325166858952,2707.662615357466,2713.1598915361683,3839.385019594492,6768.530232392849,3680.921763644545,4889.016017739582,5153.651721209568,1351.7870542328048,333.70206044509143,1407.096579324084
1998,4,24,1,19196.335269047384,18319.774227447066,11039.542764610247,9077.80483373797,740.0325166858952,2598.830722447476,2604.1070409008757,4228.252823162077,6485.510287531525,3680.921763644545,5069.317445584848,5363.561728021761,1461.5360664433554,308.6117044164261,1418.0043377080506
1998,4,25,1,18188.80412346186,13836.67379711517,11851.251442926685,8920.10336226446,740.0325166858952,2812.7417235372927,2818.4523382889024,4748.568896665026,7012.362770115497,3680.921763644545,5372.983049951826,5312.893781101392,1442.798437385245,298.5755509790661,1393.461956206955
1998,4,26,1,16437.91155616226,14282.945029103776,11945.67158912146,9327.952023410964,740.0325166858952,3677.767689721986,3685.2345375474265,4878.19149785418,8148.796620911577,3680.921763644545,5325.535305782051,5520.391013786187,1683.7109706391338,273.48513982093675,1265.2961395642403
1998,4,27,1,15266.55423453772,16496.17858454761,11555.807779093033,8914.665392500328,740.0325166858952,4144.994284037884,4153.4097262755,4737.61488418746,7537.038169212581,3680.921763644545,4862.445281004483,5662.743758037887,1375.878266385385,253.4128329462219,1270.7500487013858
1998,4,28,1,14553.91023155066,16756.692262036664,10230.879875882412,8285.672137393161,740.0325166858952,3024.7762930987747,3030.9173944928857,4332.316061903555,9241.688897595552,3680.921763644545,5289.475020212918,6285.235404466721,1525.779416486833,225.8134247758493,1311.653977943036
1998,4,29,1,13314.9745715738,15173.222186179131,9222.71636431,7326.774583430282,740.0325166858952,3045.4168049310542,3051.599812060898,3671.423334665614,6311.344182328049,3680.921763644545,5426.124523422022,6388.984020809117,1525.779416486833,225.8134247758493,1554.3508683307484
1998,4,30,1,13478.800790493287,14045.08476896328,9473.99577808219,7676.618130555408,740.0325166858952,2850.269962471768,2856.0567695424475,3912.4118495813946,5599.440272729502,3680.921763644545,5670.954883338228,6927.029089037431,1755.984724733487,205.74111790112937,1374.3734239526805
1998,5,1,1,12993.602937295947,13101.632091373773,9480.914679363765,8438.645620992365,346.1959539548732,3205.7381074353816,3212.2466095039954,3960.3841767949575,6966.642008823386,3441.038430058917,6240.323311909896,7385.505165926451,1826.7055579996456,205.8127862036469,1494.4804632431317
1998,5,2,1,11889.442448154132,12045.856258824337,8602.54477751942,8179.438102605613,346.1959539548732,2926.263500787367,2932.204594978439,4128.289886409196,7645.889618309838,3441.038430058917,6673.046446976811,8090.783420954477,1971.342058280304,198.28309382321024,1519.0248211237824
1998,5,3,1,10582.195282761251,12737.571450880563,7935.775238991127,7119.567230032255,346.1959539548732,3114.4065340756965,3120.729608728152,4148.365551223925,8666.93809212074,3441.038430058917,7069.7093381549485,8770.287387764283,2040.981869960936,195.77315961008864,1617.202372426913
1998,5,4,1,11347.220766361836,13679.578348826411,8194.567078635404,7317.333004697779,346.1959539548732,3313.509340501824,3320.236646873797,4243.268752265713,7635.004248687415,3441.038430058917,7048.832330720272,9046.775164593277,2099.907868984419,205.8127862036469,1756.2872068278627
1998,5,5,1,10730.07393884291,19019.89284573642,9703.171192206526,8179.438102605613,346.1959539548732,1830.2846596343345,1834.000624911021,4146.540483501104,8749.666977748991,3441.038430058917,7737.773159263468,8601.582922937836,2132.0493069558684,180.7136645902872,1636.2924618286838
1998,5,6,1,9073.83320513005,9597.548507489037,9286.059669984032,9285.390302320651,346.1959539548732,3854.192239125917,3862.017275769741,4646.607436829781,4702.483358346309,3441.038430058917,8424.816036359603,9086.60818832862,1869.560808628245,173.18397220985048,1696.2898343282732
1998,5,7,1,10408.684337726894,10462.192509999752,10385.163791930638,9126.025627156216,346.1959539548732,4259.704432675622,4268.352767063091,4861.964746964821,11259.835201624166,3441.038430058917,8825.274747071357,10073.060482566496,2190.9753059793507,183.22359880340875,1868.10051916362
1998,5,8,1,10168.13508861292,11087.92174984316,8546.219511300307,8139.116936518966,346.1959539548732,1950.8423208037943,1954.8030502380047,4336.346925652892,11196.69997175399,3441.038430058917,7031.751184499363,8425.849167791248,2150.798464401312,168.16410378360732,2089.0000395408265
1998,5,9,1,9886.179824372291,17397.54759943275,6979.767805321976,6720.195624933253,346.1959539548732,2412.98007417122,2417.879066315288,3434.7663554830287,8832.395863377244,3441.038430058917,5483.057773442401,6539.639865480678,1585.6447438046173,165.65422469994976,1759.0143710124653
1998,5,10,1,11256.521894461252,11570.30209227644,6407.381186002406,5998.2546137376685,346.1959539548732,3824.966151316142,3832.7318512186,2912.7986696168023,5941.239415850263,3441.038430058917,4718.200637588033,5318.87584608834,1213.339651036618,158.12447719004905,1516.29765693918
1998,5,11,1,9884.208103240557,10673.802768172023,5343.290064669356,5474.079338505963,346.1959539548732,3856.018894091097,3863.847639330952,2710.216833541567,5806.260717785463,3441.038430058917,4431.616471203548,4801.046950533644,1242.802621139212,135.53528978981592,1377.21282253823
1998,5,12,1,9101.437215214486,12485.004435965517,5233.684117712272,4955.664263030939,346.1959539548732,1950.8423208037943,1954.8030502380047,2412.7317563563347,4804.805947543956,3441.038430058917,3932.466494298888,4119.199904159006,691.041122250227,148.08485059649075,1208.129241997161
1998,5,13,1,8991.021131996009,13386.054477644684,4489.27704735931,4711.81716122361,346.1959539548732,1753.566130179536,1757.1263364107476,2589.762724448255,2797.542192276191,3441.038430058917,3776.8380184626767,4152.003534322919,1143.6998393559857,143.06498217025265,1270.853778681353
1998,5,14,1,8872.718250010992,14248.42312136824,6247.539143788634,5326.235024153119,346.1959539548732,3487.039329885266,3494.1189483479397,2900.0232756933547,3631.36215558563,3441.038430058917,4907.99148922647,4983.810099251569,966.9218422855604,143.06498217025265,1270.853778681353
1998,5,15,1,8823.425350357127,11451.98234057463,7235.515026037515,6524.349916853289,346.1959539548732,3487.039329885266,3494.1189483479397,3925.708010265752,7711.2018838555805,3441.038430058917,6760.35025456908,7090.272391199382,1848.1331833139452,138.0451688734735,1360.8498973210314
1998,5,16,1,8040.654462331058,11233.545956278704,8325.485291198185,6994.763598601074,346.1959539548732,3824.966151316142,3832.7318512186,4608.28113485481,11118.325253099169,3441.038430058917,8502.630295117837,7912.706482991862,1424.9374951290529,117.96586055689288,1478.1175380259328
1998,5,17,1,9140.871509209668,11613.534257568976,7212.680434243861,7298.132454947235,346.1959539548732,2650.442164906402,2655.8232683324813,4633.832002838125,12017.457481954349,3441.038430058917,8297.656165345044,9058.49076891992,1714.2104956904143,120.47579477001447,1759.0143710124653
1998,5,18,1,8525.696359942278,11652.215705286328,7856.61538097836,6937.161949349443,346.1959539548732,3603.943759450988,3611.260725038149,4418.474692703023,11253.303951163967,3441.038430058917,7720.691971362306,9208.450287473934,2062.409495275236,117.96586055689288,1993.549652422268
1998,5,19,1,7947.983826418537,11217.618345243807,8209.79013983122,7442.136636128837,346.1959539548732,2718.0274978619595,2723.5458175123863,4363.722861359026,10872.315727512276,3441.038430058917,8512.119843951774,8692.96452310962,1874.917744365956,125.49560806679362,1952.6423094341549
1998,5,20,1,7380.129855673541,18164.35032813652,7750.054052949875,6278.582748460524,346.1959539548732,3591.15733134797,3598.4483370809658,3876.431342022006,11159.689695913292,3441.038430058917,9096.675677001638,9749.710340056468,1872.2392764971005,90.3568598598756,2143.543083671272
1998,5,21,1,7518.149906096251,12175.552854224556,5197.148790910759,5249.432786449302,346.1959539548732,2544.497547641829,2549.663555281068,3460.3172234663425,10983.346602845571,3441.038430058917,6460.480678136791,8093.12650051931,1671.3552450618151,92.86673894353316,2189.9046951382657
1998,5,22,1,7711.378019568301,10057.1750630016,4897.254746243185,5395.357034216464,346.1959539548732,2277.8093690968326,2282.433928712694,3113.555478037364,7732.972670911634,3441.038430058917,6386.462238912172,6792.696536907478,1347.262338660149,100.3964864534339,1772.6501320450611
1998,5,23,1,7821.794059906309,8562.251053310989,5084.498258472535,5531.681026459239,346.1959539548732,2661.40193804424,2666.8052927284534,3586.246495659907,7891.89919170805,3441.038430058917,7261.398099560292,6809.098351989529,1272.2655912417829,77.80729905319575,1827.193236065801
1998,5,24,1,6739.322417453451,9966.159915318734,5656.884877792105,4875.021892155879,346.1959539548732,1589.1692981320623,1592.3957350141895,3496.8184577184315,8100.898441454244,3441.038430058917,7227.235723757965,7104.331075090955,1644.570684009782,90.3568598598756,1780.8316245988078
1998,5,25,1,7374.2147351585345,10293.814466881751,5608.171108723374,5783.208355907038,346.1959539548732,2728.987310163109,2734.527881151182,3741.376771282488,9254.748529843177,3441.038430058917,7305.049982516299,7694.796624545002,1296.3716844249604,77.80729905319575,1857.191922315596
1998,5,26,1,6029.504954022273,12862.71732870646,6433.260363277343,5339.67541284875,346.1959539548732,2845.8917005655194,2851.6696185985675,3768.75270698856,9058.81173320606,3441.038430058917,7542.288578324611,7622.159970645651,1641.8922749592216,50.19824322671442,1906.280697967161
1998,5,27,1,5453.764141630269,10899.0652785916,5352.423888007835,4901.9026695470175,346.1959539548732,2412.98007417122,2417.879066315288,3330.737855895285,11934.728644137189,3441.038430058917,7420.822394930117,7615.130628699958,1245.481089008067,60.23786982027271,1993.549652422268
1998,5,28,1,5913.173793168992,12425.844560114178,5401.137657076566,4675.336089606439,346.1959539548732,2623.0426928984966,2628.3681680997283,2889.0728693563087,9472.456065725131,3441.038430058917,6120.755079962464,6464.660132016494,1320.4777776081155,50.19824322671442,1718.1070879146157
1998,5,29,1,6189.213894014411,9162.951097684348,4639.985232787005,4316.285650594206,346.1959539548732,1397.3730332400348,1400.2100726277415,2764.9686648855645,7223.536951843906,3441.038430058917,5606.421824923447,5492.266521670095,683.0057186436375,55.218056523493566,1813.5574750331743
1998,5,30,1,4931.259628275664,10937.746726309386,4023.451756068083,3722.9883652991566,346.1959539548732,1578.209524994225,1581.4137106182177,2023.9935735068063,4896.243119307858,3441.038430058917,4410.73946376887,4276.188764658711,1114.236810435097,50.19824322671442,1412.6658371571689
1998,5,31,1,6165.55332619345,12039.030132700253,3796.628331556079,3202.653223238572,346.1959539548732,1353.5338623620612,1356.281896558207,2191.8992831209816,5161.846348464143,3441.038430058917,4312.048197575861,4376.942786341116,602.6521531241505,60.23786982027271,1319.9425543329182
1998,6,1,1,5752.530234548082,12106.791038933645,3366.260222707649,3368.3773546099114,122.01198968756889,1465.944459102551,1468.92071674581,2197.551788198949,3050.064130706253,1191.7839540833295,3856.547102649849,3955.89165698988,798.5862714764916,58.958700879249136,1322.737634104834
1998,6,2,1,5662.589571795677,14388.9959566529,3276.9975693989595,2956.144376299293,122.01198968756889,1364.291357019233,1367.0612317943296,2019.1181115768795,4817.838662079953,1191.7839540833295,4340.513426298059,4038.1591185370103,852.1826264546925,63.8718937936663,1298.1920185281272
1998,6,3,1,4999.965675167019,8464.781848561946,3348.105093174699,2724.715358929472,122.01198968756889,1392.8255466841836,1395.6533534631546,2152.473829512161,4680.68374113011,1191.7839540833295,4122.254094878636,4115.725656032337,860.2220885241578,34.39257091877123,1148.190861431906
1998,6,4,1,5319.346720989106,12426.345064404672,3260.3554007744747,2934.447918015156,122.01198968756889,1121.7506861219458,1124.0281387448408,2037.90061439712,5706.08002302342,1191.7839540833295,4188.680853355872,4139.230637670684,573.4813923494386,49.13220479148676,1273.646343061157
1998,6,5,1,9311.610029604448,14126.100430101958,6808.166718127031,6127.445464957072,122.01198968756889,1763.7701298188358,1767.3510528867116,5454.436246629404,5033.367823572429,1191.7839540833295,4203.864089809973,4355.476654596021,787.8669887171741,44.21901187706958,1350.0105935369947
1998,6,6,1,6793.271987103251,9178.679114097433,5811.148524699595,4775.032021340369,122.01198968756889,2780.3009548355767,2785.945706187518,2668.992396626401,8725.665319594007,1191.7839540833295,4632.791071901434,4491.805672000036,597.5997785578802,46.67563589900767,1494.5571827028955
1998,6,7,1,6439.015979041959,9593.419421735278,4555.420003007336,3277.975393490397,122.01198968756889,1489.1284710713994,1492.15179843302,2407.91571560873,6544.248989695447,1191.7839540833295,4222.843187477844,4360.177630273376,753.0293197494606,44.21901187706958,1440.011323728898
1998,6,8,1,6286.667525233983,10178.13527589468,3449.471132724708,3041.122261549418,122.01198968756889,1269.7718513062723,1272.349826313565,2297.09901708502,4626.257179885357,1191.7839540833295,4230.434784864817,4294.36366103569,836.1037611340344,46.67563589900767,1385.4654048646064
1998,6,9,1,4915.531569602005,11243.315294449125,3877.62916939312,2601.768671681984,122.01198968756889,1141.3679390689072,1143.6852199394966,2086.735089675301,4079.814579572992,1191.7839540833295,4498.039686860312,4639.887154410496,659.2356544238645,49.13220479148676,1366.3743572182204
1998,6,10,1,4979.774894013619,10318.648397007044,3053.084539291431,2420.964749442954,122.01198968756889,872.0764580175731,873.84700546742,2011.605118462363,4003.617374705691,1191.7839540833295,4346.207113918125,4524.712656618925,817.3450163052744,27.02275398241599,1344.5560256066744
1998,6,11,1,4983.445960725172,11261.446010122903,3252.7907634691487,2330.562749621796,122.01198968756889,700.8712417010864,702.294196968662,2069.83082511656,4354.124421472445,1191.7839540833295,4638.484801201756,4292.013147384143,637.7970889052524,34.39257091877123,1426.374844012833
1998,6,12,1,5958.108855513216,12503.40063089814,4438.924688846677,4086.169006398406,122.01198968756889,1025.44776173473,1027.5296937749754,2047.291845773135,4273.573097443038,1191.7839540833295,4562.56853557084,3873.6241438171055,774.46788526805,19.652881916591674,1251.828011449611
1998,6,13,1,5613.030471350604,14200.88969445756,4379.92058475943,4409.808048879347,122.01198968756889,993.3467738845808,995.3635323707724,1466.912777083597,4780.828577484085,1191.7839540833295,4038.7461901804927,4188.591166224568,501.1262925424547,14.73968900217451,1183.6456727595175
1998,6,14,1,3206.659320350584,9541.293576852664,3033.416515744788,2493.286302857884,122.01198968756889,902.3940271935072,904.226127382562,1406.8087920996295,3561.673777720729,1191.7839540833295,3486.455239968495,3481.090635539962,393.9334649494394,27.02275398241599,1131.82709775065
1998,6,15,1,5064.20895669843,9758.862264458065,3030.3906608226293,2240.160788502158,122.01198968756889,782.907090837443,784.4966007254869,1658.4942016730756,2113.927411166909,1191.7839540833295,2738.67987553856,3100.309592269264,404.65274770873407,14.73968900217451,1066.3719831354535
1998,6,16,1,4381.394278916106,9414.37851737618,2453.96586675828,1990.6513634277517,122.01198968756889,665.2034948290502,666.5540350719048,999.2286852474768,2817.1184925647744,1191.7839540833295,2814.596141169575,2580.849069568554,530.6043201305323,17.196257894653602,946.3710694365232
1998,6,17,1,3593.9547572958368,7633.034881386652,1636.9858739620586,1751.9901674954135,122.01198968756889,329.9266585664342,330.5964975451049,1121.3148934769729,2932.502769892185,1191.7839540833295,2624.805456252058,2343.448584656417,399.2931063290753,2.4587740710158386,681.8235066813677
1998,6,18,1,5154.1496194508345,13815.611812229345,1680.860703438513,1647.1238879525106,122.01198968756889,353.11070969859435,353.82761847513865,1012.3764332148864,1813.4928064826884,1191.7839540833295,2366.690061410144,2315.2425757149763,343.01693066104497,22.10950593853479,842.7339194188186
1998,6,19,1,4168.473567408334,6687.970866609454,2059.092200786154,1773.6866257795518,122.01198968756889,372.7279626455559,373.48469966979445,961.6636796069344,1058.0522473268406,1191.7839540833295,2137.043313070234,2688.972078031128,246.54338582732427,14.73968900217451,826.3700958472988
1998,6,20,1,5289.978358816965,9974.164600163858,1249.6768118479422,1667.0123209469332,122.01198968756889,370.94458313461246,371.6976994235173,1049.9413987872194,927.4284812147854,1191.7839540833295,1727.095428646743,2670.1680720702307,225.10487912703016,12.283064980236434,853.6430552794599
1998,6,21,1,4348.3548500324105,7920.860129548016,1369.1979809307602,1327.1008960512456,122.01198968756889,510.0488116009499,511.084346518072,959.7854413453732,1121.1870468960385,1191.7839540833295,1599.9356409925929,1823.9880619557075,458.24916150525314,27.02275398241599,700.9146142180479
1998,6,22,1,4614.505728697605,14080.773640918153,1039.3801288900568,1569.3781812649029,122.01198968756889,353.11070969859435,353.82761847513865,1059.332670231444,1917.991809810091,1191.7839540833295,1839.071938166537,2087.244093783288,361.7756754898277,31.93594689683315,739.0967095108196
1998,6,23,1,4559.440028184671,7419.998847818722,1839.717953061934,1428.3511250145957,122.01198968756889,267.508101540351,268.0512142257597,991.7156921330228,1101.5934867603798,1191.7839540833295,1848.5614453202168,1995.574577630064,715.5118300918949,39.3057638331884,1022.7353199123612
1998,6,24,1,3707.7571821525225,11281.843077695856,1791.3043077548557,1359.645622179219,122.01198968756889,442.2800768787246,443.1780232170719,1008.619916623492,1101.5934867603798,1191.7839540833295,1776.4409992228157,2237.676089845296,308.17926169330866,39.3057638331884,1112.7359902140006
1998,6,25,1,3626.9941861795314,10438.764400784285,1682.3736308995217,1307.2124630569454,122.01198968756889,288.9087731615677,289.49533490951626,950.3942099693578,603.0462450438913,1191.7839540833295,2055.433318138897,2080.192552828742,452.88952012559446,12.283064980236434,913.643542074072
1998,6,26,1,3955.552855900297,6456.804117368174,1363.1462710864432,1318.0606921990145,122.01198968756889,203.30616500332437,203.7189306601373,749.421513935592,955.7303274860948,1191.7839540833295,1229.8437783112388,2098.9965587897336,351.05639273053305,17.196257894653602,973.6440288686535
1998,6,27,1,3267.2315780503777,13122.111614266809,1617.3178169680991,1189.6899290821352,122.01198968756889,294.258911694398,294.8563356483476,875.2642387564196,1976.7724902171824,1191.7839540833295,2577.3577537624374,2096.6460451381868,179.5479273999992,17.196257894653602,777.2788048035915
1998,6,28,1,3660.0336150632265,5681.715698875134,706.5364219271949,1128.2165661076308,122.01198968756889,231.8403546683148,232.3110523290024,640.4830536735055,1158.1970836806993,1191.7839540833295,1852.357264853831,1788.7305636852705,206.3461342982473,27.94937000451408,801.8244802705923
1998,6,29,1,2736.7653540762967,9425.71022711246,1688.425340743839,925.7161468826968,122.01198968756889,219.356658928399,219.8020113622389,89.21683831100334,637.8792461529871,1191.7839540833295,1738.48284556723,2190.666074942957,471.6482649543772,0.4912035195684107,790.9152845196872
1998,6,30,1,3658.198081707184,13817.878164128946,208.78378894405165,996.2297137095552,122.01198968756889,172.98859582739047,173.3398087449952,89.21683831100334,2462.257326635799,1191.7839540833295,1734.687026033616,1734.6690594540305,200.9864929186114,0.4912035195684107,711.823750078689
1998,7,1,1,4283.989402577585,9280.0918925708,370.7911172331436,607.2709441163287,53.65271589110598,152.81581137062403,153.1260681636277,76.36831987129399,1012.2870694198776,409.5202408420346,1768.81876685894,1951.3201308512512,211.56843494107892,0.0,738.8431939189032
1998,7,2,1,2766.5148790761414,8400.494665037384,370.7911172331436,650.8252078908611,53.65271589110598,10.385521567273244,10.40660694179197,76.36831987129399,903.4390149185645,409.5202408420346,1157.703284017997,902.7794289320284,176.3070389206188,0.0,545.2717320394372
1998,7,3,1,3266.8614783356065,7884.555206378626,370.7911172331436,609.7597315450967,53.65271589110598,1.4842893353683502,1.4873028379957978,76.36831987129399,1767.6927263918012,409.5202408420346,1575.2355968270067,1478.771482783806,287.5160978593532,0.0,651.5996928365038
1998,7,4,1,3086.079323864462,7845.916553818371,369.4178327794919,594.8268521657931,53.65271589110598,1.4842893353683502,1.4873028379957978,76.36831987129399,729.2820894675671,409.5202408420346,1394.9375450812925,2082.975430895641,219.7057118479508,0.0,537.0926350972444
1998,7,5,1,4013.729220717749,8309.580235258829,369.4178327794919,675.7133530904116,53.65271589110598,78.63338018734831,78.79302688974873,76.36831987129399,111.0250423655682,409.5202408420346,1131.1330474457586,1852.5786300051127,257.6795138979516,0.0,711.5795773718104
1998,7,6,1,3518.8608776591013,9307.36624140906,369.4178327794919,528.8732693222439,53.65271589110598,124.62649378709165,124.87951875838796,76.36831987129399,1863.478997140936,409.5202408420346,1246.903375847628,1601.0228697004252,183.088083403584,0.0,588.8934226903581
1998,7,7,1,3677.7300502066464,9839.21574518322,369.4178327794919,893.4847106647168,53.65271589110598,198.8089249704071,199.21256003230675,369.7835068530039,252.52753234165297,409.5202408420346,1279.167216679423,1765.592072194356,183.088083403584,0.0,670.684212441404
1998,7,8,1,3960.772801281676,8239.12154222821,137.33005085249468,664.5136742050203,53.65271589110598,283.3768777209645,283.9522082479861,308.688834928635,955.6861021160704,409.5202408420346,529.5069050376756,1300.0964105982655,276.66641492294065,0.0,567.0825773648824
1998,7,9,1,3391.0350997438263,6279.91526203021,225.22125931588928,734.2004962443702,53.65271589110598,123.14283106464346,123.39284380550342,310.2966126503645,433.2153257630784,409.5202408420346,529.5069050376756,1370.6260688099908,151.8952670182531,0.0,654.3260784473125
1998,7,10,1,3246.77459610577,8098.204106405667,225.22125931588928,655.8028214501629,53.65271589110598,14.836470571335212,14.86659255765109,527.3434396925712,672.6810743526681,409.5202408420346,1170.9884023041163,1046.1896720117063,119.34627702731086,0.0,594.3461939120059
1998,7,11,1,3730.68642676225,6629.935856485955,223.8479748620966,742.9113489992276,53.65271589110598,14.836470571335212,14.86659255765109,273.31824593780544,740.1668853555029,409.5202408420346,1074.1967964480225,1090.85846587089,21.69930705452308,0.0,553.4507690913359
1998,7,12,1,2994.775196782274,9014.167165564588,495.76147421215467,678.2021792208229,53.65271589110598,14.836470571335212,14.86659255765109,329.58966483340424,620.4340349662541,409.5202408420346,973.6094544189236,1551.6521192774032,233.2677419955859,0.0,490.7445588354844
1998,7,13,1,3133.557487099451,9602.838187950452,201.8751560226038,572.4275330967763,53.65271589110598,198.8089249704071,199.21256003230675,287.7880450921375,1356.2469924043642,409.5202408420346,464.9791816937309,1217.8118093513474,135.62077202278198,0.0,466.2073278992
1998,7,14,1,3097.035836266629,9791.485659597456,405.1236299463162,618.4705843000767,53.65271589110598,90.5025644770782,90.68630878443372,2757.29884472622,683.565918051696,409.5202408420346,935.652009327373,989.765986742785,177.6632713445254,0.0,512.55540416096
1998,7,15,1,3495.1217960417403,9216.451811630506,190.8887466027165,615.9817968713088,53.65271589110598,51.927686162952405,52.03311319456986,258.8484467834109,265.58931609383126,409.5202408420346,827.4731532718114,1147.282202765267,77.9819527358388,0.0,531.6399237658602
1998,7,16,1,3632.07798666542,7570.900344024915,251.31399841153305,543.8061487015476,53.65271589110598,1.4842893353683502,1.4873028379957978,406.761873565563,265.58931609383126,409.5202408420346,1104.5628108736196,869.8655781081324,77.9819527358388,0.0,444.3964226834301
1998,7,17,1,3226.687670995463,5859.435924781677,251.31399841153305,623.4482365608992,53.65271589110598,47.4767371588798,47.57312757870009,311.9043503038848,494.1702687954853,409.5202408420346,947.0392178466852,945.0971928836016,130.19595996372337,0.0,558.9034804226895
1998,7,18,1,2565.64584237516,10330.153725700637,251.31399841153305,495.27423266607,53.65271589110598,10.385521567273244,10.40660694179197,299.0423288712198,888.2002911132357,409.5202408420346,772.4348120408819,2090.0284173670907,130.19595996372337,0.0,477.1127505619378
1998,7,19,1,3237.644183397365,10386.975244311909,336.4586045201117,573.6719461619207,53.65271589110598,54.15318024666445,54.26312562393651,155.95219518604702,888.2002911132357,409.5202408420346,728.7836793291652,829.8987924384314,130.19595996372337,0.0,545.2717320394372
1998,7,20,1,3429.382807390207,9636.931099117302,134.58344849754775,496.51864573133696,53.65271589110598,12.981931331571808,13.008288109354172,274.9260236594725,511.5859326538491,409.5202408420346,377.6769579506521,1081.4545011174744,244.1174249319984,0.0,539.819020708053
1998,7,21,1,2788.4279038802097,6723.123156961429,554.8133746724056,538.828496440725,53.65271589110598,12.981931331571808,13.008288109354172,130.2281122525702,341.7829351202444,409.5202408420346,785.7199303269016,1234.2687605761178,162.74494995466563,0.0,463.4809422883608
1998,7,22,1,2025.1254357752853,8436.860446901153,48.065524487858525,552.5170014565276,53.65271589110598,50.83875041177869,50.94196661383005,250.809678379516,444.1001216510143,409.5202408420346,552.2814054368098,700.594470675913,92.2221579137453,0.0,245.37224947257985
1998,7,23,1,2918.0797386090435,7261.791223064177,48.065524487858525,586.1159994109356,53.65271589110598,43.02582731815868,43.11318120569382,57.87915654912766,531.1785843764553,409.5202408420346,540.8941552372427,898.0774207425459,92.2221579137453,0.0,515.2817897717688
1998,7,24,1,3639.382299679796,6982.229321639051,351.56490074855213,559.983441146118,53.65271589110598,4.450949004061963,4.4599856158591145,371.3912845747334,529.0016443234201,409.5202408420346,721.192206982957,625.3628042747997,92.2221579137453,0.0,447.1228082942693
1998,7,25,1,2393.994100612154,8630.053610179826,4.119886808707004,589.8492386064912,53.65271589110598,4.450949004061963,4.4599856158591145,85.2109771360537,529.0016443234201,409.5202408420346,218.2555385174205,909.8323637778334,29.836583961401537,0.0,419.8591917471458
1998,7,26,1,3800.077571920838,8132.297067334253,304.8726941618403,556.2502019504399,53.65271589110598,4.450949004061963,4.4599856158591145,154.3444174643175,278.6510520348024,409.5202408420346,724.9879431560612,804.03792808589,306.50299888434216,0.0,392.5956350903164
1998,7,27,1,2616.776119237001,8184.57284455212,1.374689245689936,572.4275330967763,53.65271589110598,4.450949004061963,4.4599856158591145,268.4949929090978,520.2937884886346,409.5202408420346,478.2642999798502,836.951778909786,81.37247497733281,0.0,351.7002701599406
1998,7,28,1,3637.556242866237,8259.577278976145,319.97899039042164,564.9610547054199,53.65271589110598,50.44406260381594,50.54647748450901,292.6112981208451,563.8330198513552,409.5202408420346,673.7453380982358,858.1106350728448,81.37247497733281,0.0,387.1429237589628
1998,7,29,1,3087.9054235582244,6770.853242547193,16.47961412968182,543.8061487015476,53.65271589110598,43.02582731815868,43.11318120569382,184.89175342650196,111.0250423655682,409.5202408420346,483.9579459197613,390.2640468204324,81.37247497733281,0.0,479.8391361727465
1998,7,30,1,975.1280172078068,7393.617176099907,16.47961412968182,571.1831200315094,53.65271589110598,43.02582731815868,43.11318120569382,334.41291786211184,324.3672712618806,409.5202408420346,309.3534984336034,550.1311894992364,398.7251567981103,0.0,569.8089629757217
1998,7,31,1,975.1280172078068,7920.92093848066,491.6415539560037,589.8492386064912,53.65271589110598,85.06250699136021,85.23520653329429,321.55089642950924,337.42900720285166,409.5202408420346,464.9791816937309,912.1833936853496,100.35937600232182,0.0,509.8290784404151
1998,8,1,1,913.3109449183264,8955.540387989897,165.9910840703087,5.051611126591684,39.32219046797709,32.22446975714491,32.289894012354,189.56346841644032,512.7109782566588,458.5286002365304,767.7754612774235,1226.9227471887082,272.1254654987359,2.183126753637381,531.8076764644154
1998,8,2,1,913.3109449183264,6940.543803180126,5.3545651253833615,976.222002209654,39.32219046797709,32.22446975714491,32.289894012354,400.9996616790368,208.92409052267536,458.5286002365304,875.8041434253317,1471.36713246629,77.36900720328536,2.183126753637381,859.0739665457462
1998,8,3,1,10619.377547220538,7068.160255376203,187.40927767691164,569.5680612013256,39.32219046797709,71.94299496228973,72.08905840098681,291.6361175847369,208.92409052267536,458.5286002365304,1506.6146654310455,296.1537754637225,56.02584497167682,2.183126753637381,755.4396313715934
1998,8,4,1,1982.2610193737348,5933.04548589459,186.0706447575192,486.21665177009424,39.32219046797709,142.76188552374674,143.05173016985034,286.1679263561456,627.9015723688548,458.5286002365304,2355.4116383195,1699.3584900649405,165.4095955223978,2.183126753637381,839.9833980216528
1998,8,5,1,2575.742090557522,10251.854810609007,253.00252486385187,247.52848078303063,39.32219046797709,4.582890185351038,4.592194672883068,267.94068904116904,1447.7874363838214,458.5286002365304,6549.24037654172,4637.391882571454,576.2656743448845,9.164887396589112,1619.9679861768084
1998,8,6,1,3485.6323896116983,8053.269689097753,378.8344541124236,232.3736861049238,39.32219046797709,4.582890185351038,4.592194672883068,5.468191228594062,2527.4167875514995,458.5286002365304,4924.951596027949,7126.493739455986,621.6199382007799,19.85730196716226,1835.418268859388
1998,8,7,1,3070.024603201766,6951.738220081466,79.64892628901755,1127.7700650957756,39.32219046797709,4.582890185351038,4.592194672883068,36.45451469809479,492.3832291669779,458.5286002365304,1660.9413839852689,2792.306915174863,381.5092160494341,12.219886615093152,1445.426004726957
1998,8,8,1,1761.6297041782057,8442.835695826443,79.64892628901755,558.2019651928066,39.32219046797709,4.582890185351038,4.592194672883068,286.1679263561456,856.024111180728,458.5286002365304,985.7619538403192,1461.965387613873,218.76755991971447,0.7662995423121112,1126.3413868702553
1998,8,9,1,2368.7933588185933,7634.598148665053,240.954795141017,32.8354142703611,39.32219046797709,4.582890185351038,4.592194672883068,269.7633927385808,469.7968784759852,458.5286002365304,2361.198898080271,2775.8539391214817,325.4834298960525,0.7662995423121112,916.345552337408
1998,8,10,1,1364.8354271411629,7048.010255192226,257.0184236223112,32.8354142703611,39.32219046797709,4.582890185351038,4.592194672883068,122.1226302488318,711.4712181402125,458.5286002365304,1224.9683571793214,2472.6488808311506,122.7232710591807,0.7662995423121112,850.8922943211479
1998,8,11,1,2290.118632584015,8380.14691141841,25.434125812573885,330.87989021438455,39.32219046797709,4.582890185351038,4.592194672883068,41.92270592668885,413.3308822205431,458.5286002365304,1068.7125520381746,1000.1065431646372,154.73801440659355,0.7662995423121112,935.4360609711767
1998,8,12,1,2230.257415721793,7323.393110006188,10.70909680333982,108.6094263626101,39.32219046797709,4.582890185351038,4.592194672883068,94.78175424229354,503.6764284180202,458.5286002365304,696.3993409210553,1000.1065431646372,133.394852174985,0.7662995423121112,714.5313301388649
1998,8,13,1,1862.5385856495573,6839.79395154718,191.425176435371,108.6094263626101,39.32219046797709,4.582890185351038,4.592194672883068,213.25889695994576,217.95864036131383,458.5286002365304,669.3921703840783,686.3245864473099,202.760158836849,0.7662995423121112,700.8952696548284
1998,8,14,1,2461.1506256295693,6103.20077207646,28.11139165155212,160.388333980568,39.32219046797709,4.582890185351038,4.592194672883068,329.9133760484579,217.95864036131383,458.5286002365304,545.9307955406798,1433.7603079332716,144.06643329078926,0.7662995423121112,635.4420116385378
1998,8,15,1,2071.197640320561,7435.337378540475,28.11139165155212,346.0347235941348,39.32219046797709,4.582890185351038,4.592194672883068,278.8770314301425,217.95864036131383,458.5286002365304,1028.201817072886,1128.2048392426825,178.74905721256224,0.7662995423121112,605.4426067052738
1998,8,16,1,2298.670204364187,8409.252395361118,28.11139165155212,565.7793625318601,39.32219046797709,4.582890185351038,4.592194672883068,213.25889695994576,217.95864036131383,458.5286002365304,445.6184180604109,890.8117367915204,112.05168994337642,2.183126753637381,597.2609344806755
1998,8,17,1,3093.9690813706143,7988.342021309711,211.50473712258147,942.1237141839746,39.32219046797709,4.582890185351038,4.592194672883068,5.468191228594062,1709.7895251377297,458.5286002365304,688.6829945732605,980.1279515107736,112.05168994337642,2.183126753637381,526.3532283146831
1998,8,18,1,1831.752815752675,8494.330013570969,646.5619745381772,386.4475352035972,39.32219046797709,4.582890185351038,4.592194672883068,262.4724978125777,421.23613125858327,458.5286002365304,750.4136819950096,1139.9569428698078,117.38745109211952,2.183126753637381,545.443796838746
1998,8,19,1,2856.234579734804,7475.63732914626,32.127290410019455,368.7669156112952,39.32219046797709,4.582890185351038,4.592194672883068,337.2042709743985,421.23613125858327,458.5286002365304,491.9164127865704,1264.5295717217266,66.69742608748109,2.183126753637381,559.0798573228132
1998,8,20,1,2365.372712954443,7686.092516171746,302.53211012218185,309.41061065426044,39.32219046797709,4.582890185351038,4.592194672883068,53.77040016433848,250.7088895027506,458.5286002365304,441.76024488656327,2778.2043495217404,186.75275775400635,9.164887396589112,553.6254091730808
1998,8,21,1,2237.0987074500936,7206.971124473188,1.2609679942216687,210.90436784315636,39.32219046797709,4.582890185351038,4.592194672883068,53.77040016433848,223.60523998683504,458.5286002365304,653.9594776885882,540.5981607413041,14.673460795668795,4.581258414829959,463.6271943732892
1998,8,22,1,2748.484406535152,5494.223995039648,1.2609679942216687,386.4475352035972,39.32219046797709,4.582890185351038,4.592194672883068,342.6724221347806,223.60523998683504,458.5286002365304,590.2997036799154,28.205131306187504,14.673460795668795,4.581258414829959,493.626599306553
1998,8,23,1,1604.2802517090486,6031.556454147526,1.2609679942216687,357.40081960277627,39.32219046797709,4.582890185351038,4.592194672883068,249.7134116580457,1188.0439970424322,458.5286002365304,810.2152828297352,28.205131306187504,101.38005000927689,4.581258414829959,444.53668573948977
1998,8,24,1,2009.6261434067333,8888.373787060107,1.2609679942216687,412.9684258902229,39.32219046797709,4.582890185351038,4.592194672883068,136.70442010077556,177.30314218183693,458.5286002365304,686.7539079863368,1184.6150502294345,96.04428886051096,2.183126753637381,414.5372808062259
1998,8,25,1,4717.062842452286,10289.915877834352,1.2609679942216687,116.18682370166935,39.32219046797709,4.582890185351038,4.592194672883068,156.7544011813107,177.30314218183693,458.5286002365304,646.2431730210484,1711.1106453177104,96.04428886051096,2.183126753637381,447.263909814356
1998,8,26,1,352.32592368355984,8774.190684907117,1.2609679942216687,133.86744329381963,39.32219046797709,4.582890185351038,4.592194672883068,37.36586654678442,204.40679169775248,458.5286002365304,200.62475496053787,994.2305171638964,120.05533166650248,2.183126753637381,349.08402278996584
1998,8,27,1,1865.9592315137077,5205.407839944769,1.2609679942216687,376.3443129503486,39.32219046797709,4.582890185351038,4.592194672883068,37.36586654678442,204.40679169775248,458.5286002365304,162.04306490191837,35.25641413273438,37.35056331445121,2.183126753637381,403.6283845067614
1998,8,28,1,2361.952067090293,6123.350722498268,1.2609679942216687,402.8652423387403,39.32219046797709,4.582890185351038,4.592194672883068,267.94068904116904,643.7120226336128,458.5286002365304,567.1507063168856,517.0938502357645,48.02214443025549,2.183126753637381,376.3562036483637
1998,8,29,1,2161.844627079665,8209.991625236538,1.2609679942216687,402.8652423387403,39.32219046797709,4.582890185351038,4.592194672883068,34.6317709324874,1097.69845084484,458.5286002365304,45.14057611817619,719.2305901797165,117.38745109211952,2.183126753637381,354.53847093969813
1998,8,30,1,2007.9158204746584,8868.223836637868,1.2609679942216687,351.08629601911576,39.32219046797709,4.582890185351038,4.592194672883068,60.14994324162219,1870.1528684431185,458.5286002365304,45.14057611817619,528.8460054885344,34.68268274006826,2.183126753637381,365.447307348899
1998,8,31,1,2060.935745608313,9116.74009088913,1.2609679942216687,559.464877649843,39.32219046797709,1.774097807181696,1.7776996981849515,74.73177316175843,440.43457954766586,458.5286002365304,45.14057611817619,535.8972883151428,56.02584497167682,4.581258414829959,335.4479024156352
1998,9,1,1,938.507270042702,5755.289929102109,1.1037650877802407,361.078638026188,42.160922636111046,3.794924448474753,3.802629155720127,39.45602566689411,425.93845946952206,246.38683825197765,42.47449951264485,451.4778651810655,79.19378622659559,0.0,354.51870714444993
1998,9,2,1,1308.8456994290884,7096.22218438994,1.1037650877802407,316.93421269068074,42.160922636111046,3.794924448474753,3.802629155720127,39.45602566689411,299.24907789954807,246.38683825197765,42.47449951264485,69.92816832469458,162.78729913262444,0.0,338.1563209398378
1998,9,3,1,1710.836980897254,7240.596622953483,1.1037650877802407,330.5171395874063,42.160922636111046,3.794924448474753,3.802629155720127,24.01669559662888,764.5049910013059,246.38683825197765,42.47449951264485,69.92816832469458,162.78729913262444,0.0,302.7044442363665
1998,9,4,1,2329.650393460297,7592.782751881046,1.1037650877802407,295.4279730485388,42.160922636111046,3.794924448474753,3.802629155720127,67.47553725313398,192.2183753344272,246.38683825197765,42.47449951264485,69.92816832469458,395.9690487696597,0.0,379.0622864513375
1998,9,5,1,1992.5474416072188,5943.414205072999,1.1037650877802407,350.8914718799683,42.160922636111046,3.794924448474753,3.802629155720127,33.54716406538782,92.83273319790896,246.38683825197765,42.47449951264485,69.92816832469458,290.37731419473675,0.0,291.7961468397827
1998,9,6,1,1063.5360529169595,4296.23313769549,1.1037650877802407,312.4065832923609,42.160922636111046,3.794924448474753,3.802629155720127,33.54716406538782,92.83273319790896,246.38683825197765,42.47449951264485,69.92816832469458,237.58141749812768,0.0,297.25029553807457
1998,9,7,1,1410.1348432422776,9535.27513467553,1337.877074535908,290.90034365021893,42.160922636111046,3.794924448474753,3.802629155720127,33.54716406538782,279.590398894695,246.38683825197765,42.47449951264485,69.92816832469458,52.79589669660911,0.0,343.6104097478661
1998,9,8,1,2252.1008887084427,8290.592521684119,359.6569705287856,292.03225099979886,42.160922636111046,3.794924448474753,3.802629155720127,162.39869227250577,473.9930772087613,246.38683825197765,163.36349493183184,69.92816832469458,378.3704361435627,0.0,291.7961468397827
1998,9,9,1,1524.085119311765,6302.162772290448,268.27833265193294,298.8236950972787,42.160922636111046,3.794924448474753,3.802629155720127,203.57019905831228,655.2899854566613,246.38683825197765,1753.435006766084,1530.272357164147,466.3635580923887,0.0,351.7916028501416
1998,9,10,1,1935.5722821323732,7730.594702392967,543.5857758571702,255.8112158129947,42.160922636111046,3.794924448474753,3.802629155720127,29.734992705175504,548.2592828915404,246.38683825197765,457.4178441616652,1613.439291572072,202.38419224593363,0.0,310.8856373386725
1998,9,11,1,1831.1178445351252,6582.161681935808,69.11974319498592,220.7220492742497,42.160922636111046,3.794924448474753,3.802629155720127,42.31517422116742,42.81226190155001,246.38683825197765,615.335898987925,26.138197085545,114.3910702971077,0.0,349.064558446158
1998,9,12,1,2198.291023017656,6873.098038493002,69.11974319498592,253.54736241219143,42.160922636111046,3.794924448474753,3.802629155720127,18.298438556310405,42.81226190155001,246.38683825197765,373.92094304713305,26.138197085545,351.9724877952582,0.0,469.05553035717
1998,9,13,1,1850.109564360074,10108.397880308188,293.46601782315395,196.95199493294783,42.160922636111046,3.794924448474753,3.802629155720127,188.7027227398333,42.81226190155001,246.38683825197765,671.6055578938444,26.138197085545,189.185247480929,0.0,430.8765493593904
1998,9,14,1,2315.406592871469,6595.286658039052,76.44175286562411,213.93060517664733,42.160922636111046,3.794924448474753,3.802629155720127,48.0334312614859,42.81226190155001,246.38683825197765,513.6875030675847,632.0690215787337,189.185247480929,0.0,441.7848467559742
1998,9,15,1,1690.2626356202447,5659.040336567859,76.44175286562411,157.3351989957604,42.160922636111046,3.794924448474753,3.802629155720127,27.44765783446561,42.81226190155001,246.38683825197765,513.6875030675847,929.0939274478426,255.1800889425428,0.0,403.6059256485193
1998,9,16,1,1910.2500176192443,6597.4741374691575,192.12944545622767,105.26742221316536,42.160922636111046,3.794924448474753,3.802629155720127,176.12254122386523,530.784859055004,246.38683825197765,288.6088674438073,929.0939274478426,448.7649454662688,0.0,379.0622864513375
1998,9,17,1,1531.99833233221,8367.15469982567,328.0259061443544,213.93060517664733,42.160922636111046,3.794924448474753,3.802629155720127,25.16036303198383,69.89759972368014,246.38683825197765,384.8118232584761,377.8156687013086,510.3601190667903,0.0,409.0600144565169
1998,9,18,1,1620.6263438885685,7890.281546727694,20.79449943723,340.7043057336261,42.160922636111046,3.794924448474753,3.802629155720127,157.8241026675463,827.8496817862354,246.38683825197765,439.26634935595655,1447.1053711306722,70.39450932270613,0.0,381.78939074561526
1998,9,19,1,5740.245848450036,9620.58728029881,20.79449943723,765.1697940384261,42.160922636111046,45.686034109553255,45.77878892530664,349.3859739617221,749.2148701442933,246.38683825197765,319.4664169496526,2238.379746798269,695.1456986866268,0.0,338.1563209398378
1998,9,20,1,2938.9678817904287,9067.15194905885,20.79449943723,575.009243202958,42.160922636111046,371.4995663581323,372.25380941077685,31.16454694819809,843.1397548320407,246.38683825197765,257.751317937962,1240.3760176474811,70.39450932270613,0.0,370.88109334903146
1998,9,21,1,3366.2814706516606,7476.84569519193,20.79449943723,625.9451126359452,42.160922636111046,308.98184783874103,309.6091632738847,31.16454694819809,2308.804998238516,246.38683825197765,842.2296674201414,537.0210227902658,70.39450932270613,0.0,349.064558446158
1998,9,22,1,1652.2791959703477,7743.719628734044,463.9223333848833,708.5743878574165,42.160922636111046,56.90718315833303,57.02271989492605,339.6649009317623,747.0305671647695,246.38683825197765,1092.7203707638375,672.4644029947864,351.9724877952582,0.0,359.9728558427418
1998,9,23,1,2706.3193675345983,6890.597973456026,340.9126311235996,621.4174832376252,42.160922636111046,56.90718315833303,57.02271989492605,114.36530107922884,1253.7881412558725,246.38683825197765,546.360185381869,194.8483407281037,105.59173457490016,0.0,392.6976282519354
1998,9,24,1,1704.5064362090734,10985.581958600857,141.75404166646967,616.8898538393053,42.160922636111046,56.90718315833303,57.02271989492605,157.8241026675463,369.14667762327946,246.38683825197765,261.3816252351946,627.3166268018275,510.3601190667903,0.0,357.24575154843353
1998,9,25,1,2157.142289583434,9743.086825039549,277.06473756718617,611.2302783896396,42.160922636111046,108.20375262898428,108.42343506223858,184.12813313487385,589.7609916920928,246.38683825197765,490.0905264759496,261.38191922977364,105.59173457490016,0.0,376.3352420473233
1998,9,26,1,2383.460216270614,8572.778910759585,277.06473756718617,453.8950793938792,42.160922636111046,3.6069405748660968,3.614263624786623,57.18265053964111,1011.3308452025672,246.38683825197765,332.17247164968967,42.77160461736487,105.59173457490016,0.0,338.1563209398378
1998,9,27,1,2111.2456369130923,10449.64656232435,305.7670114624458,453.8950793938792,42.160922636111046,3.6069405748660968,3.614263624786623,142.95662634906728,358.2251627254297,246.38683825197765,357.5845810498634,20.197690708066336,149.58829554932453,0.0,343.6104097478661
1998,9,28,1,1153.7466899253789,10020.8982054935,302.2524227384072,305.6151391947585,42.160922636111046,3.6069405748660968,3.614263624786623,316.79183270227475,102.66209660595452,246.38683825197765,339.4330862440552,20.197690708066336,149.58829554932453,0.0,319.0668304409785
1998,9,29,1,2392.956097623324,8133.093107017331,281.1650576311781,397.2996732129922,42.160922636111046,3.6069405748660968,3.614263624786623,299.6370615812847,255.56306611947176,246.38683825197765,540.9147452761973,20.197690708066336,149.58829554932453,0.0,354.51870714444993
1998,9,30,1,1289.85397960414,9740.899295847708,625.5922440313594,376.9253409204302,42.160922636111046,3.6069405748660968,3.614263624786623,104.83483261049734,255.56306611947176,246.38683825197765,372.1057685583396,20.197690708066336,114.3910702971077,0.0,302.7044442363665
1998,10,1,1,1779.2212112713216,7091.732126462189,526.674154761578,450.2581686214546,32.65896587868471,0.7715171479355278,0.7730835332062592,151.07060281716733,223.62379073673603,205.42372460064195,53.14264051692772,392.73474487306777,40.41617325176155,5.990753407510256,327.36103651796446
1998,10,2,1,2248.758413598533,5274.112329629719,483.3198675900997,473.113896326332,32.65896587868471,0.4503780305207396,0.4512924178615219,151.07060281716733,309.6329557312544,205.42372460064195,241.0398337731724,430.3620131444548,51.19386258565543,12.929347680561802,308.2649580873252
1998,10,3,1,2180.837976355531,7828.255788683553,582.874126919542,454.8292986817237,32.65896587868471,0.4503780305207396,0.4512924178615219,22.24856482595506,309.6329557312544,205.42372460064195,330.243551783686,1980.1357348991744,2.693878264173515,16.62346276913845,283.7128743594576
1998,10,4,1,2005.1306175110915,6850.531405741589,69.04569059182391,435.40191852207886,32.65896587868471,0.4503780305207396,0.4512924178615219,22.24856482595506,380.3515695678953,205.42372460064195,70.22420354022591,133.45925344921253,26.944135107280392,14.776405224852647,327.36103651796446
1998,10,5,1,1851.571310296946,3243.2883540715766,648.7083962648275,378.2625605580583,32.65896587868471,0.4503780305207396,0.4512924178615219,215.89358330024135,136.658975259394,205.42372460064195,540.9161207241115,133.45925344921253,51.19386258565543,12.929347680561802,300.08095014146744
1998,10,6,1,2105.534798061893,5009.222250188392,9.634297187257085,275.411708482517,32.65896587868471,23.62612654159196,23.674093870274437,112.06690737756732,136.658975259394,205.42372460064195,605.4464699233188,133.45925344921253,51.19386258565543,11.082290136270958,330.0890391665939
1998,10,7,1,2071.574558000157,4332.998805468479,9.634297187257085,370.2630442507908,32.65896587868471,0.3583442590665015,0.3590717933419935,308.18401532250846,136.658975259394,205.42372460064195,584.5690040059369,133.45925344921253,2.693878264173515,5.541172632867492,310.9929607359547
1998,10,8,1,1884.0550107245424,5508.852325201188,9.634297187257085,394.26159317247067,32.65896587868471,0.3583442590665015,0.3590717933419935,112.06690737756732,136.658975259394,205.42372460064195,91.10166945759038,2412.849449083953,17.513678996987807,1.8468370264356635,330.0890391665939
1998,10,9,1,1569.553655245616,5532.541683922348,9.634297187257085,387.4048593803623,32.65896587868471,0.3583442590665015,0.3590717933419935,237.318145014842,136.658975259394,205.42372460064195,523.8345577008535,63.49603134094723,17.513678996987807,1.8468370264356635,286.44087700808706
1998,10,10,1,1519.351564970082,4869.239689500264,9.634297187257085,379.40534307309485,32.65896587868471,0.3583442590665015,0.3590717933419935,120.30713883252302,4.059171802414888,205.42372460064195,770.5682458151119,564.4092305730048,75.44359006403047,5.541172632867492,343.7290524097106
1998,10,11,1,2112.917496232059,7567.6728427542575,9.634297187257085,298.2674748891603,32.65896587868471,7.062162498407206,7.076500568982328,179.63664503502972,4.059171802414888,205.42372460064195,184.1012903622127,268.0943832315503,8.083222886693747,5.541172632867492,250.97678268573225
1998,10,12,1,2180.837976355531,3788.14355488916,9.634297187257085,357.69239788325416,32.65896587868471,7.062162498407206,7.076500568982328,278.5192221530146,4.059171802414888,205.42372460064195,43.65288328176206,192.83979506313216,59.27708547234869,1.8468370264356635,324.6330338693656
1998,10,13,1,2036.1378211847516,5842.656938930199,9.634297187257085,345.1217515157176,32.65896587868471,0.5796169436266909,0.5807937203783063,225.78186104616324,4.059171802414888,205.42372460064195,43.65288328176206,286.9080431799716,5.38775652834703,7.388230177153294,351.91312024586256
1998,10,14,1,1870.766196898288,4959.689990871573,9.634297187257085,404.546674509934,32.65896587868471,0.5796169436266909,0.5807937203783063,225.78186104616324,136.34045697266777,205.42372460064195,861.6699152727869,169.32278465951924,37.7217656228562,1.8468370264356635,264.6168558191126
1998,10,15,1,1856.000886318629,4559.12448425415,9.634297187257085,354.2640503380217,32.65896587868471,0.5796169436266909,0.5807937203783063,270.2790307663306,43.11074729097847,205.42372460064195,17.081563023298195,202.24665085016483,12.124863739191976,5.541172632867492,321.9050312207361
1998,10,16,1,1994.7949258333197,4544.049442319221,9.634297187257085,349.69288157610924,32.65896587868471,0.5796169436266909,0.5807937203783063,229.077953628158,43.11074729097847,205.42372460064195,185.05026608564404,195.19154772909985,12.124863739191976,3.693674052871327,313.7209633845841
1998,10,17,1,1758.5497850358404,6665.323669486937,9.634297187257085,367.9774792207175,32.65896587868471,0.2138316562298468,0.2142657914368617,337.84876842379305,43.11074729097847,205.42372460064195,185.05026608564404,101.12329961226035,72.74918243514793,7.388230177153294,259.16079063159003
1998,10,18,1,1633.0445164669352,6796.691963151004,9.634297187257085,365.6919141905216,32.65896587868471,0.2138316562298468,0.2142657914368617,291.7035524126595,592.507506700232,205.42372460064195,423.2431726883232,115.23355748003448,10.777630515591662,7.388230177153294,360.0971281917204
1998,10,19,1,2257.6176085223688,5995.560949916156,9.634297187257085,425.1168371847381,32.65896587868471,0.2138316562298468,0.2142657914368617,215.89358330024135,188.26448381841564,205.42372460064195,127.16274695115337,164.6193825788721,78.13799769293583,7.388230177153294,319.1769686818125
1998,10,20,1,1736.40177628575,5411.941348442916,9.634297187257085,301.6958224343928,32.65896587868471,0.2138316562298468,0.2142657914368617,235.67009872387584,0.4776339965385714,205.42372460064195,554.2017808533454,472.69273512213306,20.20808662588572,5.541172632867492,321.9050312207361
1998,10,21,1,1867.813160510744,4912.311273430119,9.634297187257085,303.98138746458864,32.65896587868471,0.2138316562298468,0.2142657914368617,225.78186104616324,0.4776339965385714,205.42372460064195,459.30420850174585,479.7478382431981,20.20808662588572,5.541172632867492,248.2487800371028
1998,10,22,1,1822.040646256893,4537.588717170091,9.634297187257085,348.55009906095,32.65896587868471,0.2138316562298468,0.2142657914368617,222.48576846423092,588.684856957961,205.42372460064195,309.36608586630416,218.70855813271277,51.19386258565543,5.541172632867492,272.8008637649704
1998,10,23,1,1507.5392907782334,5670.370702735112,9.634297187257085,324.55155013927015,32.65896587868471,1.3707157450631202,1.3734986630568051,324.6644381641481,170.1069812121824,205.42372460064195,5.693854341099399,463.2859309606501,9.43045611029406,1.8468370264356635,270.07286111634096
1998,10,24,1,1681.770109988533,6788.0776463652055,9.634297187257085,356.5496153682176,32.65896587868471,1.3707157450631202,1.3734986630568051,90.64234566302918,170.1069812121824,205.42372460064195,5.693854341099399,282.2045894736804,9.43045611029406,9.235232591980113,390.1052172168469
1998,10,25,1,1534.1168755500069,6512.41965850098,9.634297187257085,317.6948550488052,32.65896587868471,1.3707157450631202,1.3734986630568051,3.2976151746386897,344.03661216675124,205.42372460064195,206.87670772655676,70.55113446202986,67.36030835904194,9.235232591980113,297.352947492838
1998,10,26,1,2338.826902471829,5483.00942460553,9.634297187257085,265.12662714517626,32.65896587868471,5.392904864069339,5.403853897111752,21.424561714576637,137.6146257422176,205.42372460064195,11.387708682198795,70.55113446202986,67.36030835904194,11.082290136270958,346.4570550583095
1998,10,27,1,1737.8783159198897,6142.004235753414,9.634297187257085,319.980420079001,32.65896587868471,5.392904864069339,5.403853897111752,49.44126852486506,103.21096930668152,205.42372460064195,271.4070569256644,390.3830438326498,86.22122057962908,12.929347680561802,338.2730471124517
1998,10,28,1,1672.910915064697,7292.014854890032,9.634297187257085,287.982393551697,32.65896587868471,3.509032307361588,3.516156577425422,154.9160308067061,129.96937406888242,205.42372460064195,290.3865713959843,296.3148473414545,59.27708547234869,12.929347680561802,341.0010497610812
1998,10,29,1,1839.759036104831,7479.376133020048,9.634297187257085,321.12320259403765,32.65896587868471,3.509032307361588,3.516156577425422,138.43560796512884,107.03361904894864,205.42372460064195,637.7116445228725,237.5222180812283,8.083222886693747,9.235232591980113,346.4570550583095
1998,10,30,1,1853.047807050616,5261.19087933189,9.634297187257085,308.55255622650105,32.65896587868471,3.509032307361588,3.516156577425422,174.6925462303405,107.03361904894864,205.42372460064195,244.83573666719656,117.58525852035804,115.85976331581485,11.082290136270958,387.3772145682174
1998,10,31,1,2474.66786271824,5754.360229195556,54.594261534651736,351.9784466061825,32.65896587868471,3.8536694089774586,3.861493384136848,186.22883019901928,485.4738876512401,205.42372460064195,696.5481393808941,355.1074766016807,35.027357993973645,12.929347680561802,343.7290524097106
1998,11,1,1,3648.878824236619,6332.481598459744,129.66901806277346,1018.5924597132324,80.13404049210489,15.178131261618942,15.208946910122732,727.0074673274923,485.47168833559255,340.1962424691141,671.8644755499113,505.6944527203208,151.07575160657402,20.081954530823573,231.85405307662447
1998,11,2,1,4132.48333191139,8449.939642138408,129.66901806277346,884.1508773440527,80.13404049210489,190.23263069668397,190.61885359728063,284.9577055938728,291.7184296986869,340.1962424691141,337.8301475417625,522.4392683008856,121.92081295529852,27.61269437106668,365.5111503966045
1998,11,3,1,2434.5946096396856,7855.371596393322,64.44158538385042,737.0560205707291,80.13404049210489,409.80966155363086,410.641684301769,58.45285343941292,50.07105555745382,340.1962424691141,358.70728001720465,539.1841355070947,113.96946070328744,50.20485876233197,398.2434689821629
1998,11,4,1,2356.253706401128,6102.611393192035,25.14791618056978,559.9095209820823,80.13404049210489,4.553439378485682,4.562684073036819,52.972922219978415,50.07105555745382,340.1962424691141,506.7452421527713,110.51600998441106,100.717167737716,40.1639090616522,392.78806258781526
1998,11,5,1,3199.925100686742,5899.264680803376,260.9097641631116,822.4659324130722,80.13404049210489,4.553439378485682,4.562684073036819,20.09317463045884,50.07105555745382,340.1962424691141,533.3161456087896,110.51600998441106,137.82351745932067,45.18438391198956,330.05106872359363
1998,11,6,1,6767.449867141855,7371.318013080223,441.6605287768973,803.4859821049681,80.13404049210489,465.462835621756,466.40784913408265,814.6867675207114,663.9859362999262,340.1962424691141,874.942154364421,418.62121552404926,153.72622196334282,45.18438391198956,406.42657857369954
1998,11,7,1,5852.970348775477,8843.371345357504,1395.7100838649928,1581.6652992964732,80.13404049210489,540.3416295668387,541.4386669716214,1001.0052704142886,3398.301866160585,340.1962424691141,2463.5030492298365,1597.4585865242038,164.32804457214544,65.26633844281818,488.257434927859
1998,11,8,1,6125.656997158728,12178.699343267624,2046.412782958944,2350.3546219829823,80.13404049210489,544.3891573454617,545.4944123095199,1265.8698013777391,2457.836510834314,340.1962424691141,3034.7776402558966,2223.7159592276644,914.406038346455,298.7189427135703,771.93766908001
1998,11,9,1,3374.685620021862,10923.25444493766,1090.7914329384485,1670.2385297398523,80.13404049210489,355.1683890117677,355.8894754252922,445.70306256929103,1319.2638733314452,340.1962424691141,1522.133636225121,2561.9618947630165,739.4761711655298,406.6594000784824,807.3977507530516
1998,11,10,1,3844.7310823326143,7406.682637077797,323.7795880619622,1141.9623495751932,80.13404049210489,345.04960872850205,345.75015132334937,294.0909777172183,892.5712876329903,340.1962424691141,1320.9538671775178,1433.3590737558447,402.86872976920495,190.7784853486532,583.7267473776391
1998,11,11,1,2431.5814979766747,7212.177105568967,325.35134954690506,858.8442511321106,80.13404049210489,281.3014574297147,281.8725743008461,286.7843760458131,1739.4254954370572,340.1962424691141,1108.386556168563,1292.7023337756252,379.014673013149,135.55315173597876,477.3466221391638
1998,11,12,1,2903.133558999401,7561.4029541489235,262.48152564805446,862.0075697332692,80.13404049210489,295.4677263283313,296.0676044979036,244.7713563329659,690.109981916355,340.1962424691141,1032.469707014178,1306.0982481907747,310.1029142835,120.49167205549256,477.3466221391638
1998,11,13,1,2960.3826805966146,8162.601910434641,237.857496515068,727.5660260658553,80.13404049210489,338.9783562238594,339.6665725593052,241.11805549723204,881.6862526890183,340.1962424691141,1036.2655265477918,1095.113138220398,259.7443304146192,107.94045736491208,589.182093881723
1998,11,14,1,2410.489716335596,8845.581615696701,237.857496515068,692.7694053490395,80.13404049210489,134.57945662855883,134.85268876496707,290.43767688154696,1330.1489082754172,340.1962424691141,502.9493809389025,1185.5353282077292,265.0452123098615,97.89945253476324,591.9097970788815
1998,11,15,1,1842.5180820962437,8518.45866955566,237.857496515068,610.5228121076096,80.13404049210489,116.3656991145912,116.60195247279484,259.38459974398563,679.2249469724983,340.1962424691141,952.7569549657684,1155.3945982119208,299.50109167469736,95.38924267432658,534.6282096090379
1998,11,16,1,2532.52078156802,7066.297969378101,396.0798805285218,580.4711692924091,80.13404049210489,20.237521403260924,20.27860896110329,189.9718037292485,496.3567232794493,340.1962424691141,914.7985095484984,984.5971282359872,254.44338970108163,82.83802798374106,510.0789407247221
1998,11,17,1,2208.6111920331086,11265.849432738289,146.17234641806223,544.0928505733707,80.13404049210489,240.8264146231961,241.3153563786428,286.7843760458131,718.4110153971416,340.1962424691141,911.002648334729,961.1543554477532,193.48304204173905,85.34823784418276,441.8866003564164
1998,11,18,1,2430.0749421451687,7090.611142156216,229.47486893727384,572.5628340881146,80.13404049210489,10.11874111997696,10.139284859142172,263.03790057965705,1550.026212528867,340.1962424691141,586.4579525209258,961.1543554477532,233.23980330181723,92.87897768442588,512.8066439218805
1998,11,19,1,2038.3703830727088,8010.091913464448,361.5014957801145,586.7978064946036,80.13404049210489,10.11874111997696,10.139284859142172,246.5980267849062,483.2947004712349,340.1962424691141,586.4579525209258,1115.2069582175725,272.99656456187256,87.85850283408347,534.6282096090379
1998,11,20,1,2427.061830482158,10536.45365226006,425.9430477165919,596.2878009994773,80.13404049210489,312.66962147926927,313.3044240769832,206.4116775239993,840.3231964000173,340.1962424691141,1951.0640360963896,837.2424310480985,233.23980330181723,87.85850283408347,460.98046284638457
1998,11,21,1,2647.019024762712,9205.858915495684,249.90753411031872,469.7545925364806,80.13404049210489,226.66018488789123,227.12036542440904,204.585007072059,1129.8645904231394,340.1962424691141,170.81300437771614,713.3305582740879,98.06675619924252,87.85850283408347,455.525056452037
1998,11,22,1,1996.1868197905517,8783.69349882051,726.1464810829394,589.9611637972829,80.13404049210489,99.16380396365324,99.36513289371526,140.6521823449336,289.541394023122,340.1962424691141,607.3351266766226,837.2424310480985,283.5983871706752,85.34823784418276,534.6282096090379
1998,11,23,1,2419.5290513246296,10092.18533314597,639.7004690411583,514.0412077581701,80.13404049210489,31.368164049550483,31.431849776132943,180.8385316058405,259.0633726780932,340.1962424691141,751.5771859181652,957.8053510311438,235.890273658586,85.34823784418276,436.4311939620688
1998,11,24,1,2229.702973674187,9362.789552667744,707.2855105002054,582.0528285929884,80.13404049210489,83.98567270204666,84.15618598360491,297.7442785529521,682.4904526745806,340.1962424691141,641.4977108800241,941.060535450579,246.49203744907055,80.32776299384037,515.5343471190697
1998,11,25,1,2690.709143876375,9862.315127878264,627.1265109508795,627.9211031152572,80.13404049210489,107.25882035762724,107.47658432672864,263.03790057965705,682.4904526745806,340.1962424691141,918.594370762367,977.899171028318,148.42534006810052,90.36876782398416,452.797353254848
1998,11,26,1,2283.9390264888584,6345.7433200184,845.5991163881854,544.0928505733707,80.13404049210489,34.909701901723565,34.98057789328228,211.89164881167352,1284.431828446609,340.1962424691141,952.7569549657684,944.4094882416388,241.19115555382825,87.85850283408347,504.6235942206381
1998,11,27,1,2654.55180392024,6862.951256989442,903.7537227268394,552.0011857777878,80.13404049210489,34.909701901723565,34.98057789328228,316.01078273143406,427.7811035361794,340.1962424691141,833.1878477332818,696.585742693523,206.7352761889924,92.87897768442588,414.60962827494205
1998,11,28,1,1505.0495329582516,8631.183452088582,575.2588836573648,583.6344878935677,80.13404049210489,122.43695161923382,122.68553123683895,242.9447259492348,427.7811035361794,340.1962424691141,797.1273120828187,1018.0868110227608,249.14250780583936,82.83802798374106,480.0743253363223
1998,11,29,1,2455.6863912807644,3932.106363755708,432.2300267617313,408.0696476055001,80.13404049210489,132.5557319025392,132.82485533882152,308.7041810600288,1225.6527258094711,340.1962424691141,316.9530150663205,927.6646210354296,169.62892646738774,77.81755313340369,436.4311939620688
1998,11,30,1,2116.7112863112666,4299.014574095754,421.2278301563954,415.9779828097947,80.13404049210489,88.03320048066966,88.21193132150353,155.26542575595334,801.1371279752586,340.1962424691141,438.420032065614,589.4186855000772,204.0848058322236,77.81755313340369,463.7081660435432
1998,12,1,1,8882.35748014691,10459.993684877052,2467.476285907017,2065.9612652544693,2775.6285238780265,173.7980622198192,174.15091856976716,1371.7966534775885,1735.127028524308,3482.5479121223552,1863.741639116706,1008.457242389308,262.2722234285455,92.86072983201484,425.4149742653221
1998,12,2,1,3535.4251018338937,9865.829854319109,1183.0996417036863,1211.2661026177002,2775.6285238780265,224.41886882814,224.87449889617832,133.34373753509018,1815.6787350434884,3482.5479121223552,1186.1899363839486,1015.5093512255618,442.4187446952489,193.25071100875925,736.2952214780067
1998,12,3,1,9604.969733674096,14248.635007157354,2801.9973478815805,2085.6712062087518,2775.6285238780265,237.91771664883527,238.40075297278736,1302.38485916852,640.0594373684593,3482.5479121223552,2351.50294869373,1457.4440174052015,513.9475649857529,233.40673655713644,646.3035347197008
1998,12,4,1,14502.011282751888,6915.343526605607,5511.9246661249645,7507.69968055605,2775.6285238780265,1473.0651315816208,1476.0558460862974,3412.138745219049,7702.483700799227,3482.5479121223552,6441.4858670180965,4489.867801784018,1417.3295829465635,368.93320563279394,880.8271974135007
1998,12,5,1,11297.036900206214,14580.734134353414,4069.494480519245,4388.1519177213,2775.6285238780265,641.1967401067194,642.4985402443206,845.7281848038801,4423.811986546823,3482.5479121223552,3131.5414453913263,2877.2765639731897,1287.518118227643,537.0864489121042,1120.8048890250348
1998,12,6,1,7202.234273153011,10794.35199827197,3184.0878755556355,2495.996579867256,2775.6285238780265,348.4398195624031,349.1472451880801,670.3720285793316,1854.8660465596345,3482.5479121223552,1956.7389259278648,1671.3591900332656,823.9056097896726,328.7772352138808,804.4706727849102
1998,12,7,1,5297.165694421834,8715.908308823362,1545.2416891566588,1535.5843978729904,2775.6285238780265,348.4398195624031,349.1472451880801,531.5483598248389,1508.7114933739415,3482.5479121223552,1664.4617388071931,1504.45831723251,466.26168479208354,253.48472176659047,654.4846080414185
1998,12,8,1,6557.258099667192,11370.442339238189,1628.1046790389182,1309.815846090754,2775.6285238780265,332.40988637349324,333.0847669659132,487.70935081985874,914.3705701706226,3482.5479121223552,1381.6740588402015,1248.2302850850074,429.172686469775,205.79950000294775,564.4929811733762
1998,12,9,1,6577.164756071425,11903.608341472616,1769.278708875641,1478.2463456041398,2775.6285238780265,160.29917523585192,160.62462525037424,336.09930944739546,2235.853792099368,3482.5479121223552,1389.2656562270752,1191.8131046419608,392.0836881474664,183.21174596876423,624.4874190488256
1998,12,10,1,21895.349637483025,36395.35590483838,5851.049197806382,8172.462554727868,2775.6285238780265,1216.586435538933,1219.056429988569,5078.022289454637,6552.989261531266,3482.5479121223552,4122.247259319121,1744.2313599281156,529.8428583836351,165.64347445457565,616.3063457271079
1998,12,11,1,19482.66084875995,31023.030879247664,12992.6130440217,10089.703300124876,2775.6285238780265,3393.2806105741115,3400.1698738679797,4310.839090946627,16473.91018215856,3482.5479121223552,8665.82923645895,5519.481473933093,2585.633059508374,850.805126307067,1161.7101957433592
1998,12,12,1,11553.833016526818,16313.523579412382,6480.194260970833,3795.061531482289,2775.6285238780265,943.2341503478824,945.1491668629518,1764.5214246843534,3359.223372960263,3482.5479121223552,2884.813925952704,2494.1097983905306,1337.8531747754255,589.7911531957418,957.1837819323854
1998,12,13,1,7096.7289256018,12380.294887781243,2475.1487911642016,2277.3953039694625,2775.6285238780265,509.582650757708,510.6172392441765,750.7436051907863,3391.8794818275305,3482.5479121223552,2520.41637609504,1760.6864010056572,688.795674725912,376.4624569775235,812.6517461066278
1998,12,14,1,6244.723319686297,10984.12294231562,2525.7872924138824,1748.8102458836224,2775.6285238780265,484.2722670351836,485.25546870236286,432.9105194442829,2573.300106960617,3482.5479121223552,3063.216902188048,1739.529919620341,638.4606181781297,278.5821894960446,719.9330748345715
1998,12,15,1,5549.980419429358,7274.552838426657,1819.917210125322,1345.6521481096836,2775.6285238780265,499.4585051013684,500.4725388760237,637.4927217403193,2562.4147373381948,3482.5479121223552,869.2400056553962,1699.5677802547418,580.1779149314176,253.48472176659047,722.6601192385855
1998,12,16,1,4986.621588657376,9545.026608356036,2016.333244366178,1351.0275759967224,2775.6285238780265,266.6028416990272,267.144116465881,626.5329795061422,1778.6685070139988,3482.5479121223552,1159.6192830093603,1405.7282256443802,532.4920347377482,230.8969677324069,741.7492503957408
1998,12,17,1,5380.773711352107,8894.383371634458,2264.92228090801,1191.5561616634184,2775.6285238780265,1014.1032482689218,1016.1621479257084,463.9631958995017,1778.6685070139988,3482.5479121223552,1958.636835694672,1177.708783718448,540.4396814367007,223.36771638767735,670.8467546848537
1998,12,18,1,4950.789581401582,6522.246571086465,2094.592764541584,1042.8356031043145,2775.6285238780265,666.507123829204,667.8603107860944,646.625873659037,1746.012398146731,3482.5479121223552,1554.383305775126,1339.908216211334,458.3140380931311,203.28973117821832,635.3954768842632
1998,12,19,1,4859.218867605293,9750.611806030818,1824.520713279633,1139.5935372817291,2775.6285238780265,818.3695044908944,820.031012522544,641.1459825078439,1534.8363517810087,3482.5479121223552,1248.8207502869054,1440.9889763277545,463.6125084379705,198.27024865822327,640.8495058019668
1998,12,20,1,4283.916034414891,8370.254114195892,2318.6297842607064,1141.385385279011,2775.6285238780265,546.7045703820216,547.8145262511549,400.0312526734798,671.2641413073999,3482.5479121223552,1258.3102991208405,1243.5288447771384,439.76956834113577,195.7604798334888,586.309156734515
1998,12,21,1,4148.550659376996,10783.056117038985,1617.3632051263164,1089.4227608973215,2775.6285238780265,4665.549945131211,4675.022253988468,491.3625715191116,671.2641413073999,3482.5479121223552,1189.9857559175628,1168.3059031027096,410.6282167177797,180.70197714402968,681.7548125202914
1998,12,22,1,4120.681306106749,8731.722562454064,1055.7361213298962,1067.9210106474009,2775.6285238780265,377.96860057200826,378.7359774868561,361.67209475148354,671.2641413073999,3482.5479121223552,1021.072286835898,1123.6423234293356,421.2250397708225,188.23122848875923,578.1280834127973
1998,12,23,1,4737.788169202522,8790.461204578722,2088.4547603358355,1114.5081684404083,2775.6285238780265,295.2879667491794,295.8874799589348,681.3317708135712,4547.905171555694,3482.5479121223552,719.3055925614466,1130.6944838911393,429.172686469775,195.7604798334888,646.3035347197008
1998,12,24,1,4863.200216038168,8367.994927997035,1687.9501865972209,1076.8800571258396,2775.6285238780265,275.0396362731888,275.5980399798056,449.3501928978625,1976.782148081733,3482.5479121223552,1880.8227853376136,1071.926531668514,386.785276620945,185.7214596640297,589.0361412482349
1998,12,25,1,5309.109696840521,8686.539037522985,1824.520713279633,1162.8871355290544,2775.6285238780265,394.8421897203712,395.6438245147451,600.9601942021164,2192.3123614208844,3482.5479121223552,1692.9303019485883,1022.5615116872711,429.172686469775,200.7799623534888,657.211652445402
1998,12,26,1,7819.341136248784,8670.724783892285,873.1305965521137,1723.7248383406584,2775.6285238780265,361.0950114236852,361.8281304590069,803.7157661144217,1088.5364363180624,3482.5479121223552,1814.396151901143,1349.311045201428,537.7905050825876,220.85794756294283,616.3063457271079
1998,12,27,1,43424.41646266162,51567.99468355088,7749.22592810725,26063.72299523409,2775.6285238780265,4665.549945131211,4675.022253988468,12126.974836273455,16071.151697374096,3482.5479121223552,9662.228779687068,5564.145105232111,2522.051885916823,1061.6241088300198,1019.9052043215548
1998,12,28,1,32348.34362863975,34201.69416710149,29862.908037476383,12064.282059089215,2775.6285238780265,4474.8782545997165,4483.963449147987,5494.493215581759,18063.17333424048,3482.5479121223552,7132.322854757994,5390.192071969552,3555.2454274148727,2449.515684049191,3106.07488871046
1998,12,29,1,22008.817681900247,33379.35342616539,12656.5574809957,6088.583157814634,2775.6285238780265,1506.812309878307,1509.8715401420357,3054.119871166756,7500.015940569272,3482.5479121223552,4264.590075026098,4033.82886630632,1616.0206327835806,1164.5238588314935,1726.2031769167356
1998,12,30,1,68586.45112611972,86366.11181764744,51427.23907146045,57687.44409019721,2775.6285238780265,6769.687631999939,6783.4319007081485,17975.833625071773,15877.392223279676,3482.5479121223552,6944.430371368868,3855.174444361631,1337.8531747754255,898.4904032001737,1554.4009366120745
1998,12,31,1,97003.2268131342,78632.94587274172,214971.19944792075,80335.97005347574,2775.6285238780265,42524.84246233482,42611.17921719687,70975.40818862463,97180.17738918828,3482.5479121223552,66434.22824329138,31753.47352909955,7727.757768083472,1360.2843386649874,1936.183679535677
1999,1,1,1,10749.239470658396,25324.67926149819,4162.843667288517,4238.180013921038,815.1446185315847,839.0231988983448,839.3216283670796,1234.3386738336665,1862.9092816324053,946.1488508808098,1783.2340166943409,3236.7217470693354,417.4553424298485,367.5927985125519,1133.5231177001206
1999,1,2,1,12048.59819023251,26155.556365964498,3034.5164011343686,3925.496445588949,815.1446185315847,1044.7452319651718,1045.1168340435745,1329.8529779106082,2204.3793444650246,946.1488508808098,1852.4858157852816,943.6412711232156,845.9936109698446,352.5890192222498,1484.4417953917289
1999,1,3,1,11169.759248510194,23841.241146529672,3598.6800817113526,4339.89629241608,815.1446185315847,992.3062875740384,992.6592378126154,1844.1608128563716,1536.6155327184629,946.1488508808098,1883.6491481886655,2296.3010972741668,594.7815924360905,360.0909500474291,1214.290079995062
1999,1,4,1,11585.553979386968,25810.30610080628,5748.48532989533,4238.180013921038,815.1446185315847,830.9557099028519,831.2512698723189,1304.137622736009,3968.641669062516,946.1488508808098,1707.0570072776673,2222.226877456122,620.6415911437196,356.33994345481125,1314.5525855491824
1999,1,5,1,13513.329693783013,26504.60063322374,4795.39071490531,4505.656231147074,815.1446185315847,956.0024098140208,956.342447242836,1432.7145611542392,1411.409859677925,946.1488508808098,1772.8462392265951,808.3752460710592,827.5221485609733,337.58523993194774,1228.2154330857825
1999,1,6,1,10829.563487626883,23294.91094186654,2893.475528489963,3786.107453745879,815.1446185315847,786.5842545072113,786.8640321361206,1340.873856024446,2496.5260537661934,946.1488508808098,1786.6965838363535,1156.2020665930731,121.91178167151868,352.5890192222498,1342.4032917306238
1999,1,7,1,10588.591535699656,23640.161290557007,2662.681355981195,3846.383795102583,815.1446185315847,1012.4750987029402,1012.835222721215,2336.426810301954,3646.142165276265,946.1488508808098,1880.1865810468005,1156.2020665930731,953.1282389358744,333.8343156993863,1097.3171874311925
1999,1,8,1,10564.966795715272,24956.665150800003,4252.596967153157,4151.532725676411,815.1446185315847,1056.8465540985806,1057.222460457413,1818.44545768166,1707.3506474587207,946.1488508808098,1295.008779874476,2083.740231075783,705.6104479974616,315.07952981646633,919.0727535012064
1999,1,9,1,12908.537339966775,30742.45336645114,5295.444882007815,4464.216198920033,815.1446185315847,726.077821120585,726.336077410401,1282.095866508446,1707.3506474587207,946.1488508808098,1738.2203396811983,2792.276357432406,871.8536907855149,345.087170757127,1406.459867015816
1999,1,10,1,10876.812868617411,27229.246848319573,4526.13081531167,3910.427360249597,815.1446185315847,1113.3192429874211,1113.7152359357128,1553.944301678397,1217.9101074118398,946.1488508808098,1603.1793086413295,1990.34228328905,454.3983483556664,333.8343156993863,1233.7855620890637
1999,1,11,1,24749.238016293097,27669.34616361053,4526.13081531167,4483.052603138399,815.1446185315847,875.3270766583624,875.6384189368588,1058.0046240131612,3304.6720191196973,946.1488508808098,1391.961344226788,1990.34228328905,864.465154486791,303.8267571187821,1250.49601026399
1999,1,12,1,10290.920306788326,28306.73133277483,3726.899013660769,3970.703701606301,815.1446185315847,661.5375545960426,661.7728547656034,1274.7485873417563,569.1168547114784,946.1488508808098,1530.4649424085226,811.5958673991058,646.5016709593559,307.5776813513436,565.3690418905226
1999,1,13,1,10678.365448662167,28731.65480672703,4167.11761585339,5255.343179226737,815.1446185315847,818.8543877694431,819.14564345848,819.2188231844984,1513.850895192635,946.1488508808098,1623.9548635769677,43.47835256526047,539.3671241013673,318.83053640908423,1671.041392244072
1999,1,14,1,16201.820748957687,28253.615971620144,5898.074194669575,6001.262808427155,815.1446185315847,887.4283987917713,887.7440453506975,2152.74548131476,1221.7042692154148,946.1488508808098,1461.213143317729,43.47835256526047,650.1959796627384,288.82289546842355,1169.7289868038715
1999,1,15,1,14094.49730761531,25059.1021216017,5325.36261696257,5183.764976321228,815.1446185315847,1004.4076097074473,1004.764864226454,1752.3201077264655,1396.2333791113515,946.1488508808098,1481.9886982533671,2827.703192041736,325.0980303853898,296.3248262936028,1155.8036337131507
1999,1,16,1,20184.94557570924,47246.17689633632,7564.921260011007,6656.768020681336,815.1446185315847,1004.4076097074473,1004.764864226454,3434.841347823205,1517.6449736722625,946.1488508808098,2586.554992607086,2818.0413280573234,731.4705278131319,352.5890192222498,1264.4213633547108
1999,1,17,1,15053.660266305664,42959.00272052386,5975.005553839226,5134.79049651333,815.1446185315847,1294.8387204276394,1295.299277456267,433.4880079295826,2515.496612812394,946.1488508808098,1696.6692298099215,1909.826820814776,757.3305265207613,431.35892226638754,1481.6567003075234
1999,1,18,1,11179.209144504215,36076.76034404133,6295.553121212452,5187.532295200476,815.1446185315847,1020.5426763385632,1020.9056698876338,1693.542118210465,2515.496612812394,946.1488508808098,1575.4786194218125,1111.113438727993,908.7966967113329,360.0909500474291,1214.290079995062
1999,1,19,1,11859.6005672926,35458.344934785426,5876.704356844842,4799.503395261034,815.1446185315847,834.9894544006379,835.2864491197387,2733.178584943212,1707.3506474587207,946.1488508808098,1814.397349097872,1252.820635707989,779.496297633015,363.8418742799905,1088.961963343753
1999,1,20,1,13929.124424659783,29634.61719931836,5192.8696414481865,4889.9179072959705,815.1446185315847,1375.5140535832977,1376.0033057622445,2046.210299124093,1695.9683286958912,946.1488508808098,1589.3289640315706,1677.9422973762305,746.2476815186208,352.5890192222498,1336.83316272739
1999,1,21,1,15611.203239131815,38743.91374930502,5303.992779137559,6035.168297984636,815.1446185315847,484.0518216536103,484.22399249246894,929.4276855948186,2310.61454178331,946.1488508808098,1689.7440955258958,1181.967037217991,642.8073622559734,345.087170757127,1300.6272324584618
1999,1,22,1,22334.793450045363,48805.49421799863,6239.991504867994,8951.03612093768,815.1446185315847,1246.433520534213,1246.8768604726492,925.754005375278,2310.61454178331,946.1488508808098,1443.9001555241036,818.0371100553353,605.8644374381967,345.087170757127,1214.290079995062
1999,1,23,1,22400.94262302349,44028.89928430931,6150.238205003355,7858.527433847457,815.1446185315847,1218.1971317697669,1218.6304283977097,1395.9783278658024,2310.61454178331,946.1488508808098,2094.8671126033546,818.0371100553353,646.5016709593559,333.8343156993863,1208.719950991828
1999,1,24,1,17453.929988562584,44909.09783136153,6453.68988311672,8370.87633537932,815.1446185315847,1222.2309649076042,1222.6656963167088,2387.8576019237694,2310.61454178331,946.1488508808098,1544.3152870182812,818.0371100553353,709.3047567008441,326.33238487420704,1205.9349170728
1999,1,25,1,24153.895558470434,58309.36264279222,8855.659236634294,9030.14877142381,815.1446185315847,1577.2022535122087,1577.7632435196613,1987.4322283354757,2007.0855137191436,946.1488508808098,1398.8864785108135,818.0371100553353,421.14965113323103,330.0833091067684,1208.719950991828
1999,1,26,1,57082.00549221269,108446.53656237262,21506.60094896954,26830.504639715426,815.1446185315847,2565.47479658854,2566.3873020849355,4305.490962629632,3312.2602594030686,946.1488508808098,2409.962851696088,3896.9485535043054,923.5738504168216,326.33238487420704,1041.615836233487
1999,1,27,1,50722.235683188606,80526.7891002035,23964.13182383203,20742.594543043644,815.1446185315847,3343.991562100337,3345.1809757263745,3104.214923137254,2849.37851868559,946.1488508808098,2430.738406631726,3797.109363061343,624.335899847102,348.83809498968844,1484.4417953917289
1999,1,28,1,33651.02588850263,70226.18925572216,15343.540803271197,14843.048108200232,815.1446185315847,2020.9164529081731,2021.635266195089,2769.914818231649,4716.081878797791,946.1488508808098,2018.6901792285348,863.1258086489413,661.27890577292,326.33238487420704,969.2040368608078
1999,1,29,1,28477.21604712661,55611.85747131961,12069.682237497942,11399.76229837621,815.1446185315847,1674.0126532989827,1674.6080774868185,2435.614794598549,4784.375874699559,946.1488508808098,1745.145550006931,2202.903149487434,705.6104479974616,322.5814606416456,1386.9643849218614
1999,1,30,1,25713.12592298068,56734.86947979029,9689.0827218051,9832.57751819062,815.1446185315847,1528.797142258912,1529.3409152077013,1502.513510056582,1472.1156986204387,946.1488508808098,1800.5470044881135,1571.661864277038,502.42419928359055,322.5814606416456,1016.5502251362512
1999,1,31,1,23681.40155060956,47325.8500215989,9231.768325352436,9391.806819564034,815.1446185315847,1803.0931863480675,1803.7345227764135,2090.293811579219,565.3227762318512,946.1488508808098,1779.7714495524751,995.171141644525,594.7815924360905,303.8267571187821,1236.5706571732694
1999,2,1,1,23222.579376795544,41969.83762648764,10022.529559756813,9745.584392374052,733.5778129686814,1497.4559571219547,1497.9885824251935,2188.545536503758,3114.991009259682,1033.480133380934,1869.8003244165773,1487.7837576871589,768.1522847634892,303.5201306137677,1247.6899355246933
1999,2,2,1,22348.249708400937,41274.07895340921,9289.279528761776,10193.750899268922,733.5778129686814,1687.1606375949168,1687.7607383470877,2594.393656105409,3118.785087739309,1033.480133380934,1668.969909344219,1487.7837576871589,912.1807671871032,329.750245022354,963.6176990861782
1999,2,3,1,16006.957843984788,36099.61122943521,7475.678964377191,7545.494224395585,733.5778129686814,1699.2694054957,1699.8738131766618,1832.0060206142896,2925.283835639626,1033.480133380934,1845.562126297072,1523.2071973294242,568.7280699608514,311.0144019533328,1437.0714468721592
1999,2,4,1,16372.062593973287,32620.81769697776,6811.849128860654,7427.341294996296,733.5778129686814,1295.6425087482096,1296.1033516737252,1668.9081751194112,2598.9875870033597,1033.480133380934,1350.4112989419095,3178.447137984991,590.8863791340691,311.0144019533328,1133.5040341654817
1999,2,5,1,17174.332079180178,33453.44695882093,6529.82989347802,6979.174788101426,733.5778129686814,1109.9740546954918,1110.3688578044964,1960.9671342106456,546.3565500375341,1033.480133380934,1907.888867145841,1793.71336081014,690.5984054273639,307.26726628355493,1139.074040838408
1999,2,6,1,17568.260823260458,35898.10728388444,6451.732221064166,6783.611200709788,733.5778129686814,1291.6061936879144,1292.065600949481,1907.86546095453,2875.959982163812,1033.480133380934,1772.8476840224114,1201.1761143209435,520.7186028556717,311.0144019533328,1239.3348337676086
1999,2,7,1,15132.62827456932,30541.14555293265,6464.748531466599,4135.354525836453,733.5778129686814,1461.1294761394238,1461.6491805932333,1953.381157667676,1032.0067611883596,1033.480133380934,1779.772894348144,1729.3070876256504,583.5002760763412,329.750245022354,1144.6441086764644
1999,2,8,1,16660.30312876588,35803.05834279962,6894.2854447419495,4131.280355749051,733.5778129686814,1065.5751208725517,1065.954131867285,1733.3887319175328,193.50125209951383,1033.480133380934,1668.969909344219,1255.9213722627871,749.687067673173,318.50875565295445,980.32778027004
1999,2,9,1,13268.672763455172,33312.774432461105,6759.783982251572,4110.909124956996,733.5778129686814,1218.9533203629037,1219.3868859571398,1900.279565684065,2158.8670675247727,1033.480133380934,1862.8751140906973,1616.5962333276118,723.8357475250948,314.76161998317656,1478.846772162192
1999,2,10,1,13489.65714706824,28111.69306178509,5098.039929227059,5752.828196816345,733.5778129686814,1336.0051275109336,1336.4803268867713,2002.6898426522505,2648.3114404791736,1033.480133380934,1464.6769271298483,1671.3414912695916,568.7280699608514,303.5201306137677,1150.2141765145682
1999,2,11,1,16103.038088234778,27085.16381311354,5271.590227924085,5516.522242929064,733.5778129686814,1235.0984033240609,1235.5377115110373,1600.6347113222532,660.1808208798533,1033.480133380934,1928.66442208148,824.3997026420939,631.5097431815208,311.0144019533328,1075.0185665263616
1999,2,12,1,12086.886531213891,28472.87922167531,4655.486705549276,5406.517748793516,733.5778129686814,1259.3160277656789,1259.763949841765,1479.2594929963625,1885.6888341678955,1033.480133380934,1454.2891496619557,3146.244036757077,542.8768309208484,299.7729125839333,1169.7092916174583
1999,2,13,1,16127.058149297502,31936.464920217662,5596.997037981185,5333.181451065974,733.5778129686814,552.9688698175984,553.1655535401261,2067.170399450484,1851.5415445827712,1033.480133380934,2060.2429620211897,2054.558579776872,646.2819492970107,296.0257769141461,1225.40972533755
1999,2,14,1,12706.603690915876,26868.45203364767,5002.587302943607,5255.770793073625,733.5778129686814,1134.1916791371884,1134.5950961353033,1763.7325568171318,3225.021118298257,1033.480133380934,1741.68435161888,1693.8837187119111,561.3420480111646,296.0257769141461,1141.8590747574362
1999,2,15,1,10573.623773041903,32271.037349874463,5874.677534896283,5333.181451065974,733.5778129686814,1198.7720109815812,1199.1983983506564,1600.6347113222532,2287.867902257782,1033.480133380934,1786.698104674024,1536.0884802576234,720.1427365502684,281.0371518749687,1058.308424177275
1999,2,16,1,13047.688379841657,27168.806941410592,5171.7987681732775,5186.508760522186,733.5778129686814,1150.336762098267,1150.7459216891218,1896.486577412524,1130.6544681399885,1033.480133380934,1987.528443704528,1429.8181613311,764.4591926806216,296.0257769141461,1094.5136816292993
1999,2,17,1,15531.3609516791,28510.89884822791,4698.874280223463,5198.731460962032,733.5778129686814,1299.6787351684536,1300.1410137263904,2560.2568429342687,3543.7290433272046,1033.480133380934,2299.161843780957,1980.491432806652,424.6995875372374,303.5201306137677,1400.8661282549574
1999,2,18,1,10698.528011384122,28720.00666897053,5314.977802598274,4954.276976722544,733.5778129686814,1477.2745591005023,1477.8000061470518,1881.3147055989768,1426.5975889948752,1033.480133380934,817.1720048993375,2064.219524290856,864.1713000819235,303.5201306137677,1152.9991492684192
1999,2,19,1,12264.634923689297,27123.183439666143,5380.059164609694,4978.722472690702,733.5778129686814,1344.0776689914728,1344.5557396636807,1832.0060206142896,3437.493096092205,1033.480133380934,3427.967248756872,1874.2211138801288,609.3515151163442,288.5314232145245,1317.3154776748436
1999,2,20,1,11909.138237717178,27780.922486191965,4690.196708288844,4750.564954067164,733.5778129686814,1202.8082374018252,1203.2360604033213,2256.8190003010286,1737.717273740452,1033.480133380934,2195.284069102765,1603.7149503994126,757.0730896228596,292.2786412443682,1267.185111792808
1999,2,21,1,12644.151571744997,25180.381800854386,4091.448234783728,4819.827081707304,733.5778129686814,1178.5906129602076,1179.0098220725936,2378.1941373543027,3464.05206207001,1033.480133380934,1894.0384464942283,1555.4102985573377,664.7471663873268,277.289933845125,1183.634400047517
1999,2,22,1,10136.458938844828,25187.98567604623,5462.495575490807,4937.980011106592,733.5778129686814,1154.373077158641,1154.783672413445,1646.1503267628946,1005.4477952107233,1033.480133380934,2105.25663903448,1745.4087089682016,539.183819945988,370.9689844701177,1219.8397186646712
1999,2,23,1,10986.768546176714,24731.750491538933,5210.847604379927,4730.19372327511,733.5778129686814,1218.9533203629037,1219.3868859571398,2321.29955709915,2940.460399530485,1033.480133380934,2139.8825385798764,1957.9492053643328,949.1112013677696,408.4406706081599,1320.1005115938715
1999,2,24,1,15329.592597120114,27385.518637345067,4100.125711718804,4982.796737867042,733.5778129686814,1400.5854593553263,1401.0836291021244,2730.9406649722296,2701.4294557587323,1033.480133380934,2129.4947611119837,3799.967218016548,771.8452957383495,352.233223761153,1395.2961215820785
1999,2,25,1,11942.766263817595,24822.997495027837,4833.375742713841,4685.377091603363,733.5778129686814,1420.766857376779,1421.2722053802663,2374.401230355266,1229.3021750916175,1033.480133380934,2333.787819368356,1819.475855938285,528.1047059133997,340.9917343917535,1342.3806606158375
1999,2,26,1,9468.70165701785,18488.93195474572,4859.408268518335,4852.421012939205,733.5778129686814,1404.6217744156215,1405.1213798263689,2332.678521913661,2830.430290491741,1033.480133380934,2330.325176184489,3358.784603881734,723.8357475250948,311.0144019533328,1186.419433966545
1999,2,27,1,13148.572557121148,25906.556141763,5675.094615394943,5080.578436474041,733.5778129686814,1727.523256357562,1728.1377135600546,3239.199061542065,3209.844554407566,1033.480133380934,2711.210451393566,978.9746026821664,827.240865901291,303.5201306137677,1261.615043954752
1999,2,28,1,11246.184987898392,24868.62108030368,5067.668664954751,5129.469333321892,733.5778129686814,1695.233179075456,1695.8361511239968,2753.6985133288586,4253.233717683041,1033.480133380934,2635.0333659350385,2659.977038465878,797.6965347783525,307.26726628355493,1186.419433966545
1999,3,1,1,12115.189105316387,28878.08482733647,6882.367142686363,5721.081125473155,2568.87896483723,1412.6004460426918,1413.102889361542,3444.254980681917,3596.8227279764506,2479.8558275437144,2832.366766892394,3587.420143871728,801.6920787176315,292.4597510172723,1323.0037166312363
1999,3,2,1,11519.680264235802,20782.507882337744,5719.454608604986,5168.78812701309,2568.87896483723,1400.4924759026846,1400.990612576497,1911.0296437780448,4264.587289639727,2479.8558275437144,1828.2269342735235,508.8082355347004,834.9419925605818,288.71022690574523,1147.5316554290298
1999,3,3,1,11109.657775378468,26576.804118464177,4876.451147858085,4945.341302179607,2568.87896483723,1356.0964672026162,1356.578812802585,1852.341622936072,3414.7051278251297,2479.8558275437144,2032.517483147681,1503.8826206189694,594.8038160372184,292.4597510172723,1342.5006055242711
1999,3,4,1,11451.343166263205,18451.340343753825,5109.898191372874,5202.515990894445,2568.87896483723,1570.0045010630415,1570.562930925027,2688.6462856606195,2864.558165567086,2479.8558275437144,1617.0113271573412,3217.085045577633,624.359258960704,281.2112610427382,1180.954876055529
1999,3,5,1,12676.529496389365,18948.207770482142,5373.607059324322,5581.9539127987055,2568.87896483723,1925.1726593037192,1925.8574177879816,3037.1065821140296,2204.381844187181,2479.8558275437144,3033.1947486245385,1159.3099467243585,938.3861239007884,299.95871688027927,1172.5991014814929
1999,3,6,1,9567.192033528365,20875.903985034976,6285.780010927116,5915.016128840892,2568.87896483723,1981.6766381437951,1982.3814943469392,2751.002378918755,3907.9403296202872,2479.8558275437144,2565.7503136303035,2553.7021221881664,761.0533041438268,284.9607851542653,1258.942492792751
1999,3,7,1,14565.561765568704,26475.93628745555,8404.09660652164,6762.427532135353,2568.87896483723,2135.0447326641333,2135.804139872576,3829.3952698432936,6855.969054979831,2479.8558275437144,2825.441708650369,4733.848878396413,842.3308532914363,281.2112610427382,1242.230821314324
1999,3,8,1,11675.879302896388,17214.77557316487,7210.922343003145,6273.374219022156,2568.87896483723,1921.1366101636563,1921.8199330785544,3143.4786503673363,4002.793208175575,2479.8558275437144,2022.129857763644,1610.1526566316618,794.3032179867771,296.20919276874287,1345.285884104009
1999,3,9,1,13730.873081584034,22938.09064093235,6514.904085950709,6766.643574550726,2568.87896483723,1779.8765744234556,1780.509653009621,2574.9382351202207,2435.822964518186,2479.8558275437144,2240.270523121998,4376.394992301992,620.6648691492803,281.2112610427382,1236.6603253200258
1999,3,10,1,12359.250183644106,28646.462419139847,5122.867476845739,5607.249786937311,2568.87896483723,1594.220529983107,1594.787573166697,2116.437797997565,4522.587209300304,2479.8558275437144,1894.0154058036169,1816.2521932855311,820.164271098839,281.2112610427382,1490.119942094277
1999,3,11,1,13799.210179556629,16206.097263086289,5083.959620426591,5708.433188403735,2568.87896483723,1432.7805144628248,1433.2901355654426,2046.745722452337,3501.9697660970464,2479.8558275437144,2316.446696077983,2238.1122111073896,653.9147018841895,311.2071244947568,1306.2921063179867
1999,3,12,1,11397.64977456106,29117.17896384364,5939.932461646453,5809.616684958861,2568.87896483723,1723.3725955833802,1723.985576450664,3136.1426680801314,1859.1172029307395,2479.8558275437144,2108.693580061812,1484.5608023192551,1004.885951586655,311.2071244947568,1392.6354976292448
1999,3,13,1,8971.683192447777,26206.95540476816,6562.458164351706,5919.232076167798,2568.87896483723,2336.844796384552,2337.6759812099726,3121.470703505947,4719.881290018367,2479.8558275437144,2354.5347065139736,1709.9821572728388,683.4702259156821,288.71022690574523,1473.4083317809798
1999,3,14,1,21467.607572037523,15488.814937096186,12528.32919694444,8499.410192347674,2568.87896483723,2611.292858225037,2612.221660600721,4970.1442540260805,4488.440169687361,2479.8558275437144,3143.996364874649,3558.4373810578936,790.6087470673123,311.2071244947568,1323.0037166312363
1999,3,15,1,26636.81995003021,24989.06978789404,32025.48737639584,13461.615474012307,2568.87896483723,4395.205481788556,4396.768798319769,9991.640546606928,10786.674022126112,2479.8558275437144,3812.268705559323,3046.4088778373675,576.3316236560449,296.20919276874287,1331.35949120532
1999,3,16,1,18465.656991559048,20491.11198178067,38121.05126371861,12230.550106398216,2568.87896483723,7906.526572795415,7909.338819855751,20126.33323544797,20765.20124565789,2479.8558275437144,6433.419941377536,3577.7592700861337,934.6916529813236,457.4370000033976,1470.623053201242
1999,3,17,1,20701.25588704676,36637.435752506506,23491.69791514362,10038.241901865347,2568.87896483723,4451.709460628631,4453.292874878727,6994.881948344523,11723.820905536744,2479.8558275437144,3576.8152805330524,3281.491177305072,790.6087470673123,483.6833393438891,1314.6478808920228
1999,3,18,1,18392.438658163268,40948.60126969486,16397.499141397642,9085.431054688856,2568.87896483723,3216.6930493862133,3217.837184612833,4353.919710095126,6867.351373742828,2479.8558275437144,3098.983220154632,4933.507808950378,1030.7469235906758,363.6998855357962,972.059594226776
1999,3,19,1,15629.66782161019,31627.667063042874,12817.976540842075,11446.378293362151,2568.87896483723,2635.5088871451026,2636.446302842391,4089.8235350337454,6176.822174553726,2479.8558275437144,3216.709970688768,2421.669591047329,620.6648691492803,359.95044378432567,1487.3346635145388
1999,3,20,1,14155.53927671137,27170.80351204457,11706.941148652711,3659.4682389611617,2568.87896483723,1921.1366101636563,1921.8199330785544,3209.5027347689056,6002.292814685607,2479.8558275437144,2548.437630004094,2032.0126744535205,805.3865496370963,363.6998855357962,1323.0037166312363
1999,3,21,1,15961.59084062635,28500.764468861307,10894.199227343011,7930.253214402346,2568.87896483723,2490.212802264839,2491.0985380640304,3385.5668785673274,5474.910573277675,2479.8558275437144,3469.476155382954,2692.1752594287727,1001.19148066719,326.2050562207707,1228.3044895807648
1999,3,22,1,15502.756096512265,26008.955606907457,10665.075247319515,8103.108290958385,2568.87896483723,2437.744783924696,2438.6118575428422,3521.283038514125,2985.9699267760616,2479.8558275437144,3230.5601632148177,1813.0319255998415,953.1638453625312,431.1905783028496,1598.74550087826
1999,3,23,1,16488.762682713026,25168.3903485085,11157.90809529446,8537.3540035557,2568.87896483723,2663.76087656518,2664.708341121909,3576.303068212552,5368.675292635273,2479.8558275437144,3493.7140493350435,5706.381106766753,820.164271098839,937.370897595816,1492.9052206740146
1999,3,24,1,25045.542150880738,25299.14492569735,12515.3599114713,9599.780241940896,2568.87896483723,2728.336865045251,2729.3072984280634,4342.915736664488,7421.292497804448,2479.8558275437144,3462.55109714093,2959.4605893960006,1226.5519357288108,667.4080441675554,1476.1936103607177
1999,3,25,1,19188.07755773801,29580.42378023604,13488.056226948507,10050.889838934769,2568.87896483723,3390.241123686633,3391.446987670791,4423.611785640354,6161.645693987152,2479.8558275437144,4369.739429993886,2940.1387710962863,1396.495894754884,599.9173514005021,1481.7641675202408
1999,3,26,1,16356.96972219147,29412.31072855641,11871.218701311056,8465.682328466319,2568.87896483723,3196.51306960621,3197.6500270805905,3605.6470786335376,5816.381052730542,2479.8558275437144,3524.87700152901,4357.0731740022775,1012.2748123175091,663.6586024160848,874.5750885965667
1999,3,27,1,14912.128490855315,23229.48662502083,10786.121880067696,7525.519418359481,2568.87896483723,2700.0848756252526,2701.045260148624,3264.522764467332,5744.292811701082,2479.8558275437144,2932.7807577584667,4241.142122747076,1152.66324731209,577.4204538114905,1400.991272203281
1999,3,28,1,16083.62133030064,26640.31347498033,8883.960074023624,7525.519418359481,2568.87896483723,2453.888803204766,2454.761619037315,2538.258161139637,3820.675608024085,2479.8558275437144,2953.5560845685427,1858.1161682991751,1082.4690298147996,498.6812710698937,1144.746376849292
1999,3,29,1,16591.268329671922,30062.347833874668,10695.336881756535,8372.930916742409,2568.87896483723,2122.936673884075,2123.691774415951,3642.327152614233,5307.969370368812,2479.8558275437144,2922.393132374429,2817.767184469569,635.4425906110231,509.929761044437,1395.4207762089827
1999,3,30,1,21609.162904427656,32457.02472897559,10716.952389211528,8431.954559673666,2568.87896483723,2502.3208610448974,2503.210903520655,3348.886885859249,3593.028649496824,2479.8558275437144,3098.983220154632,2717.9376838283915,949.4694555511074,487.4328634554161,1247.8013784737998
1999,3,31,1,21448.08263034299,35098.26740536282,10790.445038558531,9448.005092197023,2568.87896483723,2352.988815664622,2353.825742704446,2853.706456028403,5835.351611776743,2479.8558275437144,3978.471167955489,1951.505062840448,1030.7469235906758,513.6792027959077,1080.6851530107594
1999,4,1,1,22906.12425999824,40058.05258133332,11566.709674789765,11118.30338411426,5169.819163229377,3140.12751392411,3141.244415801162,4597.0808980372885,5740.551977305976,8227.876101294709,4549.792997418645,2979.8465176744494,1469.5528202895312,547.1563436426126,1257.8106312270274
1999,4,2,1,25256.055276906765,37318.0473190928,16015.114457128378,11225.292425656638,5169.819163229377,3668.863601844952,3670.1685681641143,5123.635281894373,9811.67709383793,8227.876101294709,4750.620979150791,3997.2747802592407,898.4642632338312,562.3551515560406,1394.0971006540772
1999,4,3,1,22609.531008518006,38757.39339939161,15929.40340117758,10056.97190183756,5169.819163229377,3140.12751392411,3141.244415801162,4918.241675455082,6954.680588173761,8227.876101294709,3988.859629800215,3569.230476348278,1327.690084572607,531.9575357291939,1030.6665359037174
1999,4,4,1,26967.17019690555,39499.55625989581,15877.97674860725,11781.63553676534,5169.819163229377,3087.6574568620017,3088.7556958328623,4582.143172339203,6381.76365564911,8227.876101294709,4106.58638033435,5604.087001517997,1185.8272677476757,520.5584915641745,1572.9731261824272
1999,4,5,1,42262.25553979955,63297.49541296751,53925.12315859951,34390.56426465018,5169.819163229377,5210.674261385935,5212.527629390082,12431.910874677984,10881.627972785718,8227.876101294709,7337.147151884148,3964.348268139786,1254.9399096201432,619.3506194613256,1442.3652316141672
1999,4,6,1,33159.12442670918,62499.108147756655,55240.788147691965,24791.50555570227,5169.819163229377,7797.84868342818,7800.622275198854,15411.98446944404,26081.000829426823,8227.876101294709,10976.289021182409,9956.96774487975,3255.5688286251434,1592.073008159314,1936.4037520979643
1999,4,7,1,31037.34207239917,48188.10925369928,34738.69887129717,17721.66826425742,5169.819163229377,6050.19419933911,6052.346173495512,8324.040046252683,14087.686364500878,8227.876101294709,6862.777506564033,5169.457451766019,2429.85474034381,1314.6951137696317,2308.352240301591
1999,4,8,1,30101.932625030506,47093.60647294392,27423.25863565936,16677.45502862715,5169.819163229377,5061.33654303994,5063.136793590354,7730.265978026945,10874.039649178229,8227.876101294709,6914.715785568075,7375.531641917249,2415.304689131696,1307.0957509929551,3160.1427506769587
1999,4,9,1,32643.50855019499,46452.64765785683,28614.64253187349,18427.796128613874,5169.819163229377,5662.723465563748,5664.737621498457,9078.39454382357,13571.681692383478,8227.876101294709,7780.353768968443,8343.57020705145,2640.830117933168,1318.4947951579747,2367.97758214439
1999,4,10,1,35814.77473266204,40245.467430753866,27907.526201530465,19270.869966144382,5169.819163229377,6352.905685171007,6355.165329804237,8454.745024201775,12050.226725333196,8227.876101294709,7271.358604312349,6167.129835370576,2371.654616603427,1029.7178566032733,1967.6360361514728
1999,4,11,1,35664.196597531125,38633.699658917634,30363.148529266546,22703.078989353275,5169.819163229377,6320.616494289806,6322.864654084367,8660.138630641066,13359.209214645163,8227.876101294709,6751.975890313923,5972.863597759592,1655.065709642731,892.9287501025989,2075.529508954361
1999,4,12,1,38712.262559603085,41208.77985032756,35840.08626801282,26169.524696032917,5169.819163229377,7357.90798123084,7360.525091905159,11494.56944048744,12611.761255770733,8227.876101294709,8974.93411001913,6657.734399142955,2080.654079009518,835.933282197314,2001.7076687995057
1999,4,13,1,35746.33014378077,35597.57888113348,36015.793918461924,26152.40644938625,5169.819163229377,7688.872520163822,7691.607350552748,11457.225207514844,16857.417315328352,8227.876101294709,9750.545651895756,10566.107653262476,2837.255525418452,930.9257287061222,2819.4265465267927
1999,4,14,1,31361.313139636088,30383.697389367902,30483.14398859753,21359.296437404675,5169.819163229377,7555.679441578571,7558.366896948863,10157.644209600574,15582.582282249574,8227.876101294709,8961.083841451225,5640.306136558028,2604.455030456919,980.3217514746648,2688.8187131237096
1999,4,15,1,30033.48793717009,31328.26834070548,30945.98376673098,20541.899969844173,5169.819163229377,6982.5456607959,6985.029260051204,10008.267115165185,11606.310960837856,8227.876101294709,9293.488842285413,8281.009876461509,2338.9170622072083,923.3263659294456,2339.584585520277
1999,4,16,1,31060.156869373805,32156.642005213125,31357.396987294196,22583.251262825896,5169.819163229377,7470.920282275235,7473.577589932194,11165.939800220604,15893.702716911865,8227.876101294709,10668.121914300167,9150.2689759656,3030.0433998237054,889.1290687142654,3055.088626468594
1999,4,17,1,31758.291715558094,29232.97012037451,33281.61063513607,23751.571881733675,5169.819163229377,9267.00859700625,9270.304749551253,12110.750097260192,17775.602138748483,8227.876101294709,10997.064271950485,8718.932049134062,2731.767796069735,927.1260473177888,3018.1777063911663
1999,4,18,1,30681.430170623065,29645.282839217536,33063.04740921193,24436.30184269309,5169.819163229377,8560.681737638326,8563.726659049707,15329.827059377303,22510.70382112158,8227.876101294709,12032.36728488903,8821.004137684611,3321.0439374175803,1329.8939216830504,2918.8020958764146
1999,4,19,1,30517.16307812379,26879.03948803407,31327.39812246152,23884.238293246053,5169.819163229377,8556.645511218083,8559.688996997042,11655.149869832589,15666.053591958576,8227.876101294709,11277.530993780629,7724.552359178608,2502.604834188233,1120.910539363682,2626.354022686386
1999,4,20,1,30923.267691610345,26950.257134154384,28366.08044111668,21491.962848917057,5169.819163229377,7474.956420055427,7477.615163313279,11446.021872604972,16895.358850041168,8227.876101294709,10214.52759578998,7415.043399877854,2928.19320355502,1029.7178566032733,2515.621262454102
1999,4,21,1,27409.77856473465,29255.45989896361,25430.47608605701,20302.244516789407,5169.819163229377,5069.408907240377,5071.212029024105,9022.378113092172,13249.178772310124,8227.876101294709,8240.873145720801,8452.227541443017,2608.092563536949,1170.306644492281,2583.764527750216
1999,4,22,1,29120.8933857552,25555.89052750325,33324.46611561156,23601.78712848592,5169.819163229377,8342.729411109687,8345.696809757574,10687.932984245872,10566.713292995566,8227.876101294709,11568.385340994808,9347.827836497025,2506.242367268297,976.5220700863312,2544.0143202433933
1999,4,23,1,29426.612575820844,27111.433894631984,34027.29700240662,26246.55680594339,5169.819163229377,10122.673174720088,10126.273675852446,15158.0433763949,17730.07228042818,8227.876101294709,14328.039034366502,13193.6407600266,3430.169199846293,1025.9181752149302,2668.9435787877337
1999,4,24,1,30289.01451450397,24869.95215523709,35124.39876557494,27624.575946274028,5169.819163229377,12011.593012954718,12015.865377921766,16155.135632105166,21186.544767918924,8227.876101294709,17880.617105324593,16097.756384700411,4143.120573726925,1041.1169007682925,3038.052779562013
1999,4,25,1,31904.30693088565,28483.31072269486,39838.5078878608,29310.72352624657,5169.819163229377,12185.147557981476,12189.481654007614,20419.852417814905,22476.55644821234,8227.876101294709,20480.993470584,19159.91904121665,4943.372092664127,1147.5084738021765,3503.698242256472
1999,4,26,1,27820.44609802457,23093.259312570262,38578.55508988618,27004.039315151374,5169.819163229377,12528.22068753514,12532.67681014162,13701.6164211962,26760.154042482773,8227.876101294709,25532.856498375008,20002.83694517097,5579.935839620271,1136.1093472771006,3767.753318822387
1999,4,27,1,28363.43988927459,25874.495821636003,33697.309299246976,26704.469998833043,5169.819163229377,12528.22068753514,12532.67681014162,17170.900085574238,24445.721341561875,8227.876101294709,15283.70330720705,20035.76345729042,5805.461268421744,1014.5190486898546,3929.593497444156
1999,4,28,1,30133.873360591,24495.122456397687,36440.0637546674,27924.1452625926,5169.819163229377,12572.61838039689,12577.090294676247,17884.175796839198,23421.300320934395,8227.876101294709,23725.40443466,22195.740572911494,5940.049019086614,938.525091482808,3867.128868172009
1999,4,29,1,30996.27529927413,34398.12374460803,40768.473077675306,30829.96820141316,5169.819163229377,17755.03950004169,17761.354733055887,21764.24651155081,30952.69200343672,8227.876101294709,27371.471438242137,23555.604236188112,5561.748336436168,957.5235807845696,4605.347330885698
1999,4,30,1,29755.14666183981,19479.90074511249,39041.39486801963,30354.936761876837,5169.819163229377,19268.597106481506,19275.45069194291,20950.1411924602,34139.77975278173,8227.876101294709,26685.88618580569,28455.06455734251,5932.774034034561,923.3263659294456,5031.242586073382
1999,5,1,1,29194.14477804972,23691.20348266324,33473.921695586425,25762.12603940297,1856.399346170404,14331.977522224272,14337.075217310048,17248.927876612554,33092.57459679452,9241.205171898033,23978.213659060068,26096.424651077057,5992.088014397077,919.818074434936,5216.8034147565495
1999,5,2,1,21064.24051247552,27212.25352794717,29604.81255104155,22084.29769548054,1856.399346170404,11377.596288350303,11381.643149057218,14559.439851514837,24237.028943858302,9241.205171898033,21706.775697272948,22109.336681579167,5470.397899517823,837.5579167495292,5135.901093929038
1999,5,3,1,23676.48636547899,29746.80255028644,27626.48973966812,20061.275508546794,1856.399346170404,10663.21727472213,10667.010040250516,13329.220718917564,22818.016928776244,9241.205171898033,20595.29461033133,20257.49858533331,5047.90242278706,747.8195479363496,5074.526917399029
1999,5,4,1,22245.658246876734,21520.90104841742,23389.7277286734,17947.28235055353,1856.399346170404,10170.82043195655,10174.438058432304,12350.217530671483,21804.978976828304,9241.205171898033,18881.328437565026,18740.601641515517,4526.212389015847,702.9503635297598,4695.1230671643725
1999,5,5,1,20766.69825285932,21539.87222836046,23709.23561761198,16981.25674261618,1856.399346170404,9190.062706925248,9193.331490833569,11112.609751197526,18500.27446131889,9241.205171898033,20519.118285291486,18843.660463087843,4077.9998259322592,650.6030503554537,4282.242354444576
1999,5,6,1,20508.536663572944,22845.08905765174,20391.60577274228,16950.933148988966,1856.399346170404,9670.351490910767,9673.791107195157,11404.463497188632,18629.27554602425,9241.205171898033,16738.005079821636,19098.08686032635,4555.603425955735,605.7338659488638,4441.257191296924
1999,5,7,1,18031.935033770875,30494.26682288497,22650.04506736339,16132.193934011946,1856.399346170404,9714.74794281133,9718.2033503272,12014.031578329555,17991.85836278116,9241.205171898033,19698.492077857325,25474.8511710433,5069.945720768968,613.212077076646,4483.10322352943
1999,5,8,1,19117.089116321367,28024.219845766125,22952.045717661404,16721.33960094221,1856.399346170404,10299.973649877962,10303.637214447272,13329.220718917564,20249.377553433565,9241.205171898033,21966.46754854429,16682.645902124863,4809.100663329342,587.0383793094646,4745.338269144291
1999,5,9,1,18666.400124354408,17775.99109650461,24694.02018988873,18800.677114688544,1856.399346170404,12104.083449398668,12108.388711992202,13525.021405330235,21941.568385140985,9241.205171898033,23382.653707519406,22682.601336790685,4669.4934609121065,572.0819570539097,4898.7736798867245
1999,5,10,1,16614.23377228506,21046.62163335757,25945.79074518248,18116.228521168225,1856.399346170404,11934.569828716758,11938.814797554613,12719.65271904903,27158.524367055557,9241.205171898033,24421.42111260505,22698.704301974278,5058.924112332034,515.9954971356842,4854.137904016673
1999,5,11,1,18255.09170373813,26582.41050417409,22720.074211925265,15634.019333229664,1856.399346170404,11869.993219756012,11874.215219547088,12579.267371847272,27465.85047326604,9241.205171898033,21755.251485176832,20283.26327304426,4309.453846432031,471.1263127290944,4527.738999399481
1999,5,12,1,20674.810253040603,31750.158617735044,22593.14642303166,19251.20029972027,1856.399346170404,10267.68534539759,10271.337425443511,8593.061904626054,22393.072139947515,9241.205171898033,17801.010302817518,15233.381298912564,3953.088101430913,444.952614961913,4449.626422209468
1999,5,13,1,20849.835047593147,26760.739629056992,18745.921350537574,15833.289192560504,1856.399346170404,6272.005915311845,6274.236784965586,6140.012448853429,16072.01857276869,9241.205171898033,14733.184027548026,16022.425319796224,2972.163815031138,456.1699728336052,3509.485935787674
1999,5,14,1,22048.755291143272,37024.145305567166,16487.482055916462,14312.773561939584,1856.399346170404,6013.699390828892,6015.838384263987,11134.775854372932,12107.132069842122,9241.205171898033,12721.43784099039,12798.616754199438,2968.489945552148,444.952614961913,3657.341859255062
1999,5,15,1,19462.763152373587,20523.01718385652,14369.101050419104,13359.743820595037,1856.399346170404,7547.394518446457,7550.079026979032,7126.404365248812,10464.265174934466,9241.205171898033,11440.291420343176,12376.719745382634,2718.666577657497,441.2135505780596,3445.322015620119
1999,5,16,1,17270.57692507082,34485.80211406492,14876.812205992695,13762.615494787024,1856.399346170404,6812.835259118046,6815.258494625271,8053.686618994654,8214.334307889381,9241.205171898033,15127.915617147124,14888.778353228745,2972.163815031138,418.7789995547976,3520.6448491725864
1999,5,17,1,40653.89668296563,40032.97365943573,24160.04812885412,29037.082709133418,1856.399346170404,9335.360121406911,9338.68058568625,10517.819126355098,17741.44451697793,9241.205171898033,17468.60476969006,16489.410602835615,3387.3115528039234,403.82257729924254,3849.833497427324
1999,5,18,1,48123.08214372252,66137.310579387,55340.5159575385,51069.39693824368,1856.399346170404,18799.873549375363,18806.56041605913,18896.60864610397,31464.88434910184,9241.205171898033,28081.34484831519,24933.79237547045,4415.9962235384655,549.6474060306476,3724.295461894938
1999,5,19,1,30970.646932704647,53570.804209024645,34498.097673554075,30410.31185170507,1856.399346170404,11216.15467730847,11220.144115366906,13225.778931189823,31821.5344754362,9241.205171898033,20013.58485131657,17165.734079619455,4011.870094202614,841.2969811333921,3824.725927019954
1999,5,20,1,30603.09473547152,45538.40867575493,25324.282300945702,26364.267572925808,1856.399346170404,7143.790490841791,7146.331442753173,9372.570164293564,18822.777214744183,9241.205171898033,14546.205858132513,13439.51375001644,3104.423278490429,628.1684169721351,3568.0703686801367
1999,5,21,1,23628.35458904297,30953.369310696155,29530.406573069715,21503.815939612068,1856.399346170404,8076.115714832471,8078.988282510435,10761.646342556987,14865.47895210082,9241.205171898033,12686.812245612557,11883.969774632154,2806.8395262610443,572.0819570539097,3258.4098035577244
1999,5,22,1,22140.64338994068,35259.8259884647,22264.884867272893,20875.682767992803,1856.399346170404,8209.305070534076,8212.225011906492,9579.453821021438,17297.52900245494,9241.205171898033,12821.852059982171,11503.940347981365,3501.201668868336,553.3864704145011,2898.534097620571
1999,5,23,1,17629.37791721862,23406.63586704057,17581.68717844599,17119.87931960366,1856.399346170404,6764.402758077424,6766.808766783799,8515.480543512236,14455.710810486898,9241.205171898033,11173.674434787812,9816.352241985618,2755.405272447289,493.5609461124221,2736.7294559655475
1999,5,24,1,17786.90020262271,30843.33648372891,17240.29521745662,15768.309859597664,1856.399346170404,7115.538235501481,7118.069138458837,9165.686426293074,11803.600042111268,9241.205171898033,12264.380194919357,10734.219842881084,2318.214317800635,441.2135505780596,2714.4116291957225
1999,5,25,1,18403.86278405688,31033.04819963383,15922.872256011138,15179.1641926674,1856.399346170404,6748.258650157302,6750.658916617747,7898.523815494398,12186.809217747385,9241.205171898033,13732.504784982228,12041.778592954564,2656.210715406841,392.6053017876069,2686.5142539856283
1999,5,26,1,18027.559381738865,26521.702795180307,18750.298183947805,15846.285059153071,1856.399346170404,9835.829062452614,9839.327536923316,12372.383633846894,16273.108565095938,9241.205171898033,16097.431831477104,13729.366698950313,2817.8611346979783,366.4316040204256,2834.370177453064
1999,5,27,1,16579.2287539877,22177.30367399174,21744.04330646869,15148.84059903995,1856.399346170404,9690.53164797103,9693.978442070716,10828.144652083214,19061.8086584603,9241.205171898033,19871.61997870493,15710.02830447945,3394.6592917619023,351.4751817648799,3542.9627371075885
1999,5,28,1,16032.276110170013,28452.96839554859,19682.56094530279,14282.449873223668,1856.399346170404,9125.486097964582,9128.731912826122,11012.862286908185,20860.235604050784,9241.205171898033,18884.79100470704,13977.351924261116,3277.095306218501,355.2143285087992,3953.053706189839
1999,5,29,1,13835.714329813924,31325.20432064781,17292.817028378115,12489.021234336442,1856.399346170404,7837.989347409782,7840.777216684394,9472.31762858279,19232.5453563581,9241.205171898033,18877.865870423007,18202.76339654232,2751.731402968333,265.4759596956196,3939.105049167428
1999,5,30,1,14343.28630330179,30073.10677849211,18185.68838404248,12610.31598920034,1856.399346170404,7696.727982068182,7699.465606541141,8334.457313398058,18052.564784992155,9241.205171898033,15882.753200967636,14505.528375978296,2928.0773001753605,269.2150240794731,3361.6300123202864
1999,5,31,1,13389.400890900284,23721.55733716056,14137.129544682684,11908.53947846797,1856.399346170404,6639.285500656024,6641.647006806677,7529.088627116854,15783.66319225264,9241.205171898033,13178.495487061424,11445.96980063176,2090.434166779852,276.69323520724595,3160.769143235433
1999,6,1,1,15332.958863986154,25406.481438401657,13628.661240248914,11647.894908301958,493.5721413823651,6042.749141043536,6044.898467091048,6598.999139432993,11215.486881213965,2774.9239026747505,12202.096113566904,9343.211247162932,1410.5317210354908,284.5426431274189,2651.381099723279
1999,6,2,1,13452.582087452234,22427.108223298164,13606.76424821774,11051.150989278673,493.5721413823651,4710.680253933244,4712.355780673633,5936.201787187361,10741.218988826136,2774.9239026747505,11502.65701859409,6534.772724809289,2182.262492230745,295.774661089869,2743.288197694381
1999,6,3,1,15682.598087245196,27103.54459220188,13773.181102655331,9561.568851154136,493.5721413823651,4476.559000259745,4478.151253162837,6023.125992799417,7777.993285177058,2774.9239026747505,11429.943032570702,9198.280387530318,1502.8440181214396,273.3107075250347,2439.7161975995878
1999,6,4,1,11695.858260060231,28359.219121542326,11535.31288706167,9174.368554074754,493.5721413823651,5041.679185220514,5043.472443908417,6207.840051633735,9989.978701277689,2774.9239026747505,11443.79337718046,9137.087309183556,2108.4126545619856,265.8227779101244,2668.091486733028
1999,6,5,1,9299.550458712098,20851.807393931907,13081.237484467792,7971.770078292538,493.5721413823651,4783.338534303585,4785.039904634518,5280.648010379321,13104.970127157954,2774.9239026747505,12132.844770727384,11185.443850022895,1705.9310717104927,194.6870759482414,2225.2662615569147
1999,6,6,1,11614.844262311608,19896.73377271065,9875.524121093124,6996.936499925516,493.5721413823651,3507.781603641287,3509.029275221508,4824.295768371135,9542.269858191785,2774.9239026747505,9851.011199158456,9130.645925070412,1798.2433687964417,235.8708947303797,2197.4156165406034
1999,6,7,1,13469.637707600938,21102.942349918834,8566.086562624389,7639.233417449627,493.5721413823651,2518.821302119954,2519.7172135846386,3965.91879095337,10365.598886713886,2774.9239026747505,7842.720735973318,7436.564873899632,1473.304147940355,157.24726315358646,1913.3390985398123
1999,6,8,1,14126.27720272708,17899.06971079123,6555.946589155755,5580.239083331341,493.5721413823651,2809.454512241447,2810.45379809984,2901.096784570779,3801.73137938599,2774.9239026747505,7337.185476993314,6283.559168766016,1292.371996987098,213.40702352559245,2063.7325204625176
1999,6,9,1,12604.067360548092,23968.16329711316,7147.164233999411,5393.471865548914,493.5721413823651,3241.367790763224,3242.520702469409,4099.927008999061,3892.7907627301306,2774.9239026747505,5910.606749911875,5700.6148967218,1129.902386559038,194.6870759482414,1924.4793565463276
1999,6,10,1,6771.061898147923,17937.12049460447,6691.707654749536,7484.35333665326,493.5721413823651,2652.028208559025,2652.971499960728,3969.5406193084737,4894.444562785344,2774.9239026747505,6523.48159029325,5153.098237300018,1140.9798784309737,220.89495314050268,1838.1423264132825
1999,6,11,1,10301.565272060225,34089.66109946322,7252.269605749475,5862.667521894304,493.5721413823651,2438.0898597884,2438.957056145473,3426.264090415728,4723.708114859722,2774.9239026747505,6478.468217447524,5851.987211196085,1384.6842940730469,153.50325716610308,1746.235228442181
1999,6,12,1,15222.097629956328,18987.32099182743,6875.642102811849,4883.278624659459,493.5721413823651,2212.041768076114,2212.8285621129567,3223.440889805892,7311.313716396719,2774.9239026747505,6949.377652924132,5594.332271039667,1126.2099433404317,149.75933353867617,1665.4683884775477
1999,6,13,1,10267.454130741504,21228.509786146176,6941.33288890574,5420.80368366715,493.5721413823651,2288.736629427061,2289.5507028129823,2720.004554091565,6499.367089961393,2774.9239026747505,6578.882740606868,5056.477617059213,1067.1300407622148,146.01532755119285,1509.504776386431
1999,6,14,1,10455.065358503754,19991.860648712347,6047.937419030805,5653.123804861701,493.5721413823651,1570.2267217643189,1570.7852306672723,3281.3903873047257,5683.626301722492,2774.9239026747505,6464.617872837765,5365.663559392674,937.8928248418864,164.73527512855318,1774.0858734584451
1999,6,15,1,8250.632788934068,20140.25850510913,5465.478570999508,4605.405504964318,493.5721413823651,1586.3730456866658,1586.9372976237528,2937.315230666712,3099.814861989407,2774.9239026747505,4823.359830869877,4946.974299320643,1166.8273053934174,172.22320474345412,1364.6814223018298
1999,6,16,1,11751.288827585577,19238.45594781436,4891.778424780752,3680.680148877244,493.5721413823651,1735.7261874080325,1736.343562284743,2296.2488485515905,5687.420463526236,2774.9239026747505,6166.836870502036,5520.256495195141,923.1228897513784,146.01532755119285,1420.3827123343578
1999,6,17,1,11218.30218262221,34869.70133232403,3783.792812999785,4751.174948024803,493.5721413823651,1594.4462076478787,1595.013331102033,2582.37450769077,2940.4608994748487,2774.9239026747505,6062.959780200677,5278.705015321587,797.5781981576977,142.27132156370945,1966.2552934881348
1999,6,18,1,8839.050001422778,6441.990866742819,5557.445747530755,4537.076007213079,493.5721413823651,1529.861000598621,1530.4051519477684,2593.2400740285857,1639.0698167611738,2774.9239026747505,6014.483840213086,5127.332771575828,1336.681883366732,123.5514563464149,1517.860000473918
1999,6,19,1,10165.120706785803,20166.8940370728,4891.778424780752,3616.905969993827,493.5721413823651,1033.3626036676374,1033.7301570955135,2777.954051590399,4097.674500240876,2774.9239026747505,5557.424597262528,4972.739765044834,1011.7426625106456,127.29537997383248,1492.794389376682
1999,6,20,1,8677.022005925983,24649.271625709443,4427.563143718336,3808.22850664384,493.5721413823651,1219.0448855741745,1219.4784837369468,2046.3416355081183,3684.1129467399264,2774.9239026747505,4761.03354627238,4872.898523475982,638.801030948278,108.5755147565379,1626.4774854547684
1999,6,21,1,8647.174769644329,16685.250993526846,4090.350131437064,4090.6568501181023,493.5721413823651,952.6311613361628,952.9699996564271,1785.5689373995608,4974.121544042538,2774.9239026747505,5817.117361036555,4798.82274763132,1037.5900894731233,116.06344437144816,1476.0840023669332
1999,6,22,1,10224.81517934866,20528.376149174677,3621.7553569683714,3188.7080883701424,493.5721413823651,1303.812908886256,1304.2766579151732,2893.85304658818,1327.95004869148,2774.9239026747505,6329.577678258731,4834.250289525365,908.352873552795,119.80745035893152,1476.0840023669332
1999,6,23,1,10416.690312148425,23762.68926499652,5364.752597655624,2897.1690120715325,493.5721413823651,787.1316956925276,787.4116680390351,2133.2659223926785,2132.3084348432662,2774.9239026747505,4605.217872799563,4911.546757426599,993.2802030934556,112.3194383839648,1609.7670984450194
1999,6,24,1,9316.605979881662,22290.12553521955,2750.256784124793,2974.609052469716,493.5721413823651,851.7168141016555,852.0197585216412,2194.837248246616,3316.08100158693,2774.9239026747505,7697.29276392654,5343.11871499653,642.4935552749256,86.11156119169418,1523.4301294771517
1999,6,25,1,11742.76101751145,20646.333445345816,3704.963831687078,3229.7056729144438,493.5721413823651,1388.580932198337,1389.0748320933997,3498.700982607368,5634.302448246677,2774.9239026747505,5533.186627268585,4734.408977227987,841.8880845373312,71.13570196188296,1601.4118743575325
1999,6,26,1,9721.6757706665,19717.895272556823,3170.6782711247715,4099.767487853748,493.5721413823651,1146.386605203755,1146.794359775982,1365.4350602145776,2136.1025133228936,2774.9239026747505,5588.587701540349,4818.146829242366,878.8130033717107,59.90368399943287,1495.579484460888
1999,6,27,1,6707.103520548453,16639.59015318796,3932.692073812106,1835.7847555706808,493.5721413823651,835.5704901793085,835.8676915651606,1387.1661116175912,1123.0663111807344,2774.9239026747505,4355.912886493427,3983.989071883402,941.585349168568,63.64768998691624,1412.0275494120958
1999,6,28,1,4545.309803392473,15087.119827522549,2434.940763874697,2847.0607897915847,493.5721413823651,153.3897227018155,153.4442813999723,1137.258898574232,7417.549663631551,2774.9239026747505,4456.327409652626,3890.589143699306,454.17643677638046,22.463871204777934,1367.4665173860355
1999,6,29,1,7858.354614281732,20144.063616903357,2106.486548406062,1772.0105766872646,493.5721413823651,520.7178828143857,520.9030952868573,1452.3592658266327,1969.1602272011849,2774.9239026747505,4300.511736179808,3475.120646412238,745.8832631247349,29.951883179744662,1208.7178713758913
1999,6,30,1,7709.118333896126,17838.188590339952,2540.046135624761,2332.3121349456046,493.5721413823651,1085.8380677751545,1086.224286032437,1376.300626552393,1798.4237792755634,2774.9239026747505,3324.0670417231954,3278.6587846027164,494.7938799374076,82.36763756427659,1222.6431633014342
1999,7,1,1,7592.443781670826,18621.40268722109,1748.1430029393862,1720.4558652283,176.92105220261172,375.4382849905016,375.5718234291044,951.9012426941442,688.834470805901,1187.4977420555963,3382.9489331887185,2908.92190779074,657.6712204491358,26.39903489253797,1292.536608918613
1999,7,2,1,8801.273479493484,19885.16106392563,1773.0570954281702,1601.9275256738304,176.92105220261172,557.3515903429175,557.5498329412424,890.2396230761607,3784.630862578816,1187.4977420555963,3202.8943772194148,3312.138817805193,672.4503207474419,52.79806978508527,1002.8301423732672
1999,7,3,1,7141.202587327002,16086.273037215373,693.4438559285722,1817.4334938577467,176.92105220261172,228.3593820144224,228.44060643008177,1167.7169926297606,3317.4902616854733,1187.4977420555963,2126.029304378486,3148.9320019036268,491.4059973840439,45.255453090039566,1195.0392586016228
1999,7,4,1,8846.811617089552,16497.375133591606,863.6906295995508,1720.4558652283,176.92105220261172,495.4236358604061,495.5998515033616,1310.3094575193347,973.8694702146764,1187.4977420555963,1921.7366263316785,2748.9152019581884,672.4503207474419,41.48418592255426,1078.042389289064
1999,7,5,1,6309.097248393826,13231.39730297013,2366.8443914027976,1601.9275256738304,176.92105220261172,119.98543950995564,120.02811674583646,724.524071147983,1662.7039410207462,1187.4977420555963,2638.49243515044,2604.9091879274897,435.9843104343741,2.8249500730479853,1050.1859947463613
1999,7,6,1,7178.461054543743,18579.531171218037,485.8259435246943,1472.624020834489,176.92105220261172,507.03513286589504,507.2154785649528,1518.417403412002,2399.044300610826,1187.4977420555963,2711.206801383247,2787.3168764281786,354.69905602360524,2.8249500730479853,1080.8280348598664
1999,7,7,1,7058.406081492882,16093.886100875668,1050.5467032630486,2076.0406937138328,176.92105220261172,139.3378754256574,139.3874360673566,655.1547287596674,2046.7093615278245,1187.4977420555963,1869.7978150345104,2460.903173896928,554.2172750369044,2.8249500730479853,818.977962857271
1999,7,8,1,8701.917632901153,17578.421402493015,1050.5467032630486,2869.820933786915,176.92105220261172,537.9991544272157,538.1905136197222,570.3700221029674,1076.7987848151054,1187.4977420555963,1783.2330281499435,2460.903173896928,413.8156194329116,2.8249500730479853,849.6200029707762
1999,7,9,1,7335.774494811343,18160.816094713755,184.77994678936733,2507.052534992963,176.92105220261172,270.9348119411019,271.0311798747842,724.524071147983,2458.426536605086,1187.4977420555963,2143.3422921721112,2012.8843692745904,524.6590744402924,2.8249500730479853,983.3306845428762
1999,7,10,1,8772.294682655624,18621.40268722109,184.77994678936733,2550.153766665368,176.92105220261172,317.38079996305737,317.49368812114875,982.7320525031924,825.4137135812159,1187.4977420555963,2001.3761268485111,2796.9172773636137,410.1208240813162,2.8249500730479853,994.4732056608603
1999,7,11,1,5592.90709681074,17570.80842236497,2748.861426225601,2621.98908939334,176.92105220261172,81.28047903834313,81.30938943105906,1213.9631667070803,825.4137135812159,1187.4977420555963,1135.729018422123,1772.874345890093,484.0164877889285,2.8249500730479853,997.2588512316628
1999,7,12,1,5390.05551894752,17319.57940987462,2009.7415440683212,2668.6820111309003,176.92105220261172,294.1578059520796,294.2624339979664,867.116536037557,3012.6612113866504,1187.4977420555963,2081.0157034071976,2720.1139991521577,591.1651474447142,2.8249500730479853,883.0476274899537
1999,7,13,1,6756.198657037329,16501.18166542133,328.0363110979268,1178.0991596144177,176.92105220261172,352.215290979524,352.34056930592214,605.0546932971251,2030.874120815786,1187.4977420555963,2108.7163926267144,2086.4874666886417,761.1250847533602,2.8249500730479853,972.1881022597146
1999,7,14,1,5907.533977345943,19816.643992175606,782.7195915120079,1293.0357140145595,176.92105220261172,363.8267879850128,363.9561963675133,342.9927692843015,2680.120406517644,1187.4977420555963,2250.682481908608,2022.484770209888,173.6547326602073,2.8249500730479853,832.9061295460575
1999,7,15,1,9111.760574328366,13752.887987099444,782.7195915120079,1332.5451605326373,176.92105220261172,202.61493205195967,202.6869995068398,254.35420124249185,106.88812477832188,1187.4977420555963,2091.403404833089,2022.484770209888,328.83556967054733,2.8249500730479853,860.7625240888079
1999,7,16,1,3721.705055380396,15047.098284317868,1133.5938682243786,1346.9122060605384,176.92105220261172,255.45284548054605,255.54370668326803,736.085574031145,2094.2151669878863,1187.4977420555963,1862.8726047086304,2019.2846601408733,683.5347068022278,2.8249500730479853,1013.9727246564288
1999,7,17,1,7712.498853700376,16881.831757752272,2769.623169966162,1303.8109743883683,176.92105220261172,224.48882391922533,224.56867162849852,832.4318648432866,146.47630988243262,1187.4977420555963,1779.7704610079309,2499.304777638393,273.4138827208775,2.8249500730479853,894.1902097731154
1999,7,18,1,6520.228496636377,20056.45357623873,880.3000245918892,1203.2415606045945,176.92105220261172,243.8413484750572,243.9280796216769,450.90064425210966,641.3286653458389,1187.4977420555963,1537.3893162737138,2140.8897622319605,321.4460600753979,2.8249500730479853,913.6896676034588
1999,7,19,1,6822.435921091929,15918.78705673284,1376.5068874869116,1440.2981446245956,176.92105220261172,10.751422228817631,10.755246367683045,608.9084734098428,3891.5189873570857,1187.4977420555963,1748.607204646401,1987.283276537302,424.89992437962223,2.8249500730479853,788.3359227437659
1999,7,20,1,4988.492247899637,21194.597321401,210.73219771482337,1221.200391286587,176.92105220261172,10.751422228817631,10.755246367683045,543.3930736791415,502.7699758193762,1187.4977420555963,1758.9949821141463,1033.6433324088184,321.4460600753979,2.8249500730479853,852.4055873764012
1999,7,21,1,6280.118451555966,18495.78813921022,210.73219771482337,549.540180833364,176.92105220261172,10.751422228817631,10.755246367683045,790.0395521513015,934.2812851106332,1187.4977420555963,1326.1713518591723,3110.5303981621614,295.58257372234,22.62776772505267,866.3338152303651
1999,7,22,1,6545.067408794778,14624.576675983017,70.5901187172462,1720.4558652283,176.92105220261172,10.751422228817631,10.755246367683045,616.6161961801747,2961.196512424462,1187.4977420555963,1734.7568600366426,460.81931562665096,249.39779404360024,7.544181536186457,785.5502771729635
1999,7,23,1,5547.36895921512,13752.887987099444,70.5901187172462,1030.8368240930836,176.92105220261172,10.751422228817631,10.755246367683045,296.746513934477,1013.4576553188884,1187.4977420555963,1139.1915855639888,3190.533715714106,249.39779404360024,11.313883862521674,749.3369459178538
1999,7,24,1,5630.16556402748,19188.57133565349,70.5901187172462,1041.6120844666573,176.92105220261172,10.751422228817631,10.755246367683045,894.0934844613829,1551.857006064467,1187.4977420555963,1613.5662496485331,1817.676169769452,428.5947197312175,45.255453090039566,871.9051063719695
1999,7,25,1,7609.003122429035,13604.434415172178,70.5901187172462,1106.2638368864457,176.92105220261172,10.751422228817631,10.755246367683045,292.8927338218719,482.97592492932864,1187.4977420555963,848.3341966746164,2236.893771585759,413.8156194329116,33.94156922751789,827.334838404453
1999,7,26,1,6934.21122376346,15058.51779627564,2474.805743852731,1084.7133161390625,176.92105220261172,10.751422228817631,10.755246367683045,543.3930736791415,910.5283407184592,1187.4977420555963,1391.960583807953,1568.0657454496566,133.01214600884342,75.42575515007215,810.6210261449116
1999,7,27,1,8494.926269337611,15005.226768313962,419.3882685555216,1052.3873448404663,176.92105220261172,10.751422228817631,10.755246367683045,932.6320170407628,247.42617773159415,1187.4977420555963,1090.7153414088336,1875.2785753817852,195.8234236617039,56.56933695257056,752.1225914886561
1999,7,28,1,6168.3431488844335,19622.51245594611,400.70265168902415,1023.6532537846642,176.92105220261172,178.04292453732103,178.1062520537132,354.5543534398556,247.42617773159415,1187.4977420555963,1149.5793630318817,2240.0938816546377,195.8234236617039,56.56933695257056,869.1194608011672
1999,7,29,1,8639.820253525562,16862.79926566561,400.70265168902415,718.3531321907831,176.92105220261172,147.07890297600036,147.13121699894376,31.284229169776506,2406.9619209668454,1187.4977420555963,1052.6268747214235,1747.273253152805,399.0364380265643,56.56933695257056,816.1923172864688
1999,7,30,1,7551.045528753765,17921.006510650626,62.28542122106595,1048.7956547750764,176.92105220261172,147.07890297600036,147.13121699894376,31.284229169776506,1223.27501137347,1187.4977420555963,1281.1577508877365,1881.6788662482047,188.43391406655448,60.34060412005586,740.9800703706719
1999,7,31,1,5948.932230262554,15728.461968801668,2981.393526117806,1102.6721468210555,176.92105220261172,202.61493205195967,202.6869995068398,31.284229169776506,1213.3780275904203,1187.4977420555963,1533.9266730898466,364.8153062728522,428.5947197312175,64.11187128755049,668.5534078604524
1999,8,1,1,6019.238510219874,13687.294268311092,383.6940672978191,161.6296663153067,87.04371384104999,166.86425708295067,166.9236084949944,22.3395387222477,1189.812229073266,586.9127282289558,837.9307545788994,1504.067151222819,84.72496499741747,48.91553417593735,757.2068243406987
1999,8,2,1,5098.06467978723,19612.395952326304,70.20489429725248,1786.6634588225488,87.04371384104999,82.05997997479687,82.08916762569903,22.3395387222477,690.9839819962104,586.9127282289558,1371.1594027577817,1478.3015440415766,191.55203130095455,67.72920750207719,325.71030707562016
1999,8,3,1,6285.656410903616,15064.14556605795,70.20489429725248,939.1995665705105,87.04371384104999,34.19167309618196,34.20383462264588,22.3395387222477,3047.3168611598708,586.9127282289558,1052.607255915569,615.1538095639022,165.7661653358136,67.72920750207719,954.8600693115284
1999,8,4,1,6448.216417115111,16410.05636737259,70.20489429725248,2188.5535324497964,87.04371384104999,34.19167309618196,34.20383462264588,22.3395387222477,143.63145927736443,586.9127282289558,1544.285554642157,1162.672873753931,224.7052643681241,71.4919092232807,729.3683511942642
1999,8,5,1,3942.08190750236,17071.409154956946,70.20489429725248,2083.7126395430773,87.04371384104999,34.19167309618196,34.20383462264588,22.3395387222477,2581.484948205288,586.9127282289558,713.2798583052821,1394.563338384704,136.2966158196583,52.67823589714087,654.2044247667678
1999,8,6,1,6642.38548113726,18332.233653727268,397.5959663665465,2035.660520045215,87.04371384104999,34.19167309618196,34.20383462264588,22.3395387222477,727.8623014984049,586.9127282289558,1004.1319242629572,1207.7627040031346,136.2966158196583,67.72920750207719,604.0951608701786
1999,8,7,1,4980.660159371773,15083.483365887516,397.5959663665465,2184.185157949948,87.04371384104999,34.19167309618196,34.20383462264588,22.3395387222477,727.8623014984049,586.9127282289558,235.4516000210368,1072.4932839839137,228.3889479191384,67.72920750207719,654.2044247667678
1999,8,8,1,7857.070464140064,13037.54417733024,50.04706464752933,2468.1292151709317,87.04371384104999,34.19167309618196,34.20383462264588,22.3395387222477,1836.1539208075023,586.9127282289558,779.0678735839564,1249.6317714672398,250.49113033326515,63.96650578087367,684.8267696939074
1999,8,9,1,5662.509439986231,13857.466873398022,50.04706464752933,2302.1310792672757,87.04371384104999,34.19167309618196,34.20383462264588,22.3395387222477,1172.3435031740537,586.9127282289558,1056.069747015728,1159.4521816973586,187.8683477499403,67.72920750207719,682.0428979132024
1999,8,10,1,6953.958966596178,16058.108460592666,50.04706464752933,2153.606536451244,87.04371384104999,0.1896897889381063,0.1897572590903161,22.3395387222477,652.1646281420125,586.9127282289558,796.3804811683117,1098.258891165156,338.8996977736898,60.203721699613695,565.1212617661016
1999,8,11,1,4822.615662148452,16707.858468041268,50.04706464752933,1109.5660769740148,87.04371384104999,0.1896897889381063,0.1897572590903161,22.3395387222477,1486.7800694155137,586.9127282289558,1080.3074128419605,1381.680499429888,81.04120033839614,79.0173950257442,565.1212617661016
1999,8,12,1,5098.06467978723,22045.09105394433,50.04706464752933,384.4165756276185,87.04371384104999,0.1896897889381063,0.1897572590903161,22.3395387222477,42.70125591003755,586.9127282289558,1125.3202533945614,392.92549183123646,176.8172159888564,75.25469330454068,609.6628432664585
1999,8,13,1,4628.446697104992,16464.202257014378,50.04706464752933,384.4165756276185,87.04371384104999,0.1896897889381063,0.1897572590903161,22.3395387222477,644.4007407063496,586.9127282289558,848.3183039209355,53.141560390710254,239.4399985721812,45.15283245473383,598.5274784739461
1999,8,14,1,7888.679422972031,642.0149042233559,430.96067613153457,576.6248634416631,87.04371384104999,0.1896897889381063,0.1897572590903161,22.3395387222477,644.4007407063496,586.9127282289558,448.39685580777456,53.141560390710254,139.98029937067258,67.72920750207719,654.2044247667678
1999,8,15,1,5287.718135842517,22412.509250706917,86.1921352263482,655.2555093492917,87.04371384104999,0.1896897889381063,0.1897572590903161,803.5750018767588,3454.919743333156,586.9127282289558,448.39685580777456,2644.19510985208,42.3624824986917,63.96650578087367,682.0428979132024
1999,8,16,1,5138.704755573782,16061.97597043957,434.6678555498866,663.9922583489886,87.04371384104999,0.1896897889381063,0.1897572590903161,619.1930225383906,326.0822724089478,586.9127282289558,1648.1612761894062,673.126408039396,42.3624824986917,67.72920750207719,540.066660400372
1999,8,17,1,5937.958457625009,15416.093472837872,434.6678555498866,585.3616124413602,87.04371384104999,0.1896897889381063,0.1897572590903161,363.2599401484655,916.1360510378385,586.9127282289558,1433.4848508945902,673.126408039396,401.52248035701456,48.91553417593735,615.2305256626909
1999,8,18,1,7793.852645454819,10086.596073692268,434.6678555498866,685.8341308479955,87.04371384104999,0.1896897889381063,0.1897572590903161,8.255905883546117,1378.0859786125309,586.9127282289558,754.8302077577239,673.126408039396,41.7484946861801,60.203721699613695,704.3136886634046
1999,8,19,1,5048.39358602388,14913.310760800588,255.7960448652453,91.73576940715948,87.04371384104999,0.1896897889381063,0.1897572590903161,8.255905883546117,1343.1485268141062,586.9127282289558,1395.3970685841614,1302.7733318579428,41.7484946861801,48.91553417593735,704.3136886634046
1999,8,20,1,4628.446697104992,19879.257556561908,255.7960448652453,506.73096653349614,87.04371384104999,0.1896897889381063,0.1897572590903161,8.255905883546117,1343.1485268141062,586.9127282289558,751.367640615711,1302.7733318579428,41.7484946861801,22.576375047334025,679.2590872976749
1999,8,21,1,5034.846861101984,13799.453473909329,255.7960448652453,441.2053490364757,87.04371384104999,0.1896897889381063,0.1897572590903161,8.255905883546117,601.6994847962098,586.9127282289558,495.1408658684533,1665.102178423146,386.7877461529576,30.101860849806847,640.2851881935505
1999,8,22,1,4339.450954544317,15911.141165181354,411.4979604353695,803.7801472540247,87.04371384104999,0.1896897889381063,0.1897572590903161,1238.3861263493984,931.6637425850475,586.9127282289558,1000.669357120944,1665.102178423146,88.40864854843174,30.101860849806847,629.1497622359083
1999,8,23,1,5368.998188437384,18865.95686219848,389.2547889254377,799.4117727541762,87.04371384104999,0.1896897889381063,0.1897572590903161,443.0670303561201,7.665814998133467,586.9127282289558,512.4535494945153,1636.1158791854673,110.51074985451731,22.576375047334025,626.3659516203808
1999,8,24,1,6222.438592218371,14460.806261494536,722.9017915757748,672.7290073486856,87.04371384104999,0.1896897889381063,0.1897572590903161,280.700881312984,7.665814998133467,586.9127282289558,664.8045266526699,805.1751360020444,88.40864854843174,26.339159128603328,592.9597349125363
1999,8,25,1,5477.371492919117,14824.356864877966,1128.8390303835256,480.5207195346408,87.04371384104999,0.1896897889381063,0.1897572590903161,88.06299609115858,7.665814998133467,586.9127282289558,862.1684204051319,386.4840369895655,3.682304714447908,37.62734665227034,576.256687723744
1999,8,26,1,7089.425621942566,14878.50267098836,143.6535587105803,1196.9334718813402,87.04371384104999,0.1896897889381063,0.1897572590903161,79.80709020761246,7.665814998133467,586.9127282289558,668.2670937946828,272.9543590807692,117.878198064587,26.339159128603328,551.2020251928844
1999,8,27,1,5332.873720617693,13045.279364087695,10.503659185352802,834.3586736640265,87.04371384104999,0.1896897889381063,0.1897572590903161,79.80709020761246,7.665814998133467,586.9127282289558,484.7533165262699,272.9543590807692,132.61293226864407,37.62734665227034,576.256687723744
1999,8,28,1,5143.220264561955,12643.053077512886,10.503659185352802,323.2594277191484,87.04371384104999,0.1896897889381063,0.1897572590903161,385.2756891713056,7.665814998133467,586.9127282289558,858.7058532631189,272.9543590807692,117.878198064587,26.339159128603328,553.9858969735892
1999,8,29,1,2488.0722757022318,12902.179578523286,10.503659185352802,1764.821586323542,87.04371384104999,0.1896897889381063,0.1897572590903161,451.3229362396007,7.665814998133467,586.9127282289558,498.60343301046623,272.9543590807692,36.83691661814973,18.813673326130505,567.9051335468066
1999,8,30,1,5328.358112650381,16696.25585496916,629.7587068149937,1354.194763697068,87.04371384104999,0.1896897889381063,0.1897572590903161,225.6614274834918,7.665814998133467,586.9127282289558,377.41510387886194,222.2283177325297,47.8879672712266,26.339159128603328,450.9834973997058
1999,8,31,1,8692.448634010982,17581.92705375169,629.7587068149937,1734.2429648250734,87.04371384104999,0.1896897889381063,0.1897572590903161,148.60630590377662,7.665814998133467,586.9127282289558,661.342035552511,222.2283177325297,103.1433827524888,22.576375047334025,439.848071442016
1999,9,1,1,5102.071339085292,15788.170139506192,318.0828910839145,83.38450996398034,55.25847439218448,0.0137392136847693,0.0137441005415883,365.09824316354303,0.0,346.5319730029756,237.7174960504349,963.032827703992,77.5717231034742,29.28023688686273,595.7964534045275
1999,9,2,1,6384.559231813965,19646.291710765985,318.0828910839145,1036.8682047231623,55.25847439218448,0.0137392136847693,0.0137441005415883,365.09824316354303,0.0,346.5319730029756,741.8424822685184,2283.579519253292,169.91905885982578,29.28023688686273,482.1794493391632
1999,9,3,1,5292.585910157444,17503.820729400435,318.0828910839145,1065.8714918651583,55.25847439218448,0.0137392136847693,0.0137441005415883,897.843642117506,0.0,346.5319730029756,43.035067217834126,1107.9709016416184,118.20457679082024,29.28023688686273,526.5178401277203
1999,9,4,1,1747.1574334242302,17206.72021005322,250.6746025762536,895.4771204748153,55.25847439218448,0.0137392136847693,0.0137441005415883,383.7256597665926,0.0,346.5319730029756,43.035067217834126,35.42931010601585,48.020578905760615,32.940317972760525,504.3486447334418
1999,9,5,1,7039.743244603437,12017.92323679838,425.5149043310115,725.0826539960052,55.25847439218448,0.0137392136847693,0.0137441005415883,212.35305316469965,0.0,346.5319730029756,4225.63306587334,35.42931010601585,147.75572098853382,25.620238161030723,601.3387522530852
1999,9,6,1,3791.7033135063502,16311.23430706988,516.094797951014,902.7279184881976,55.25847439218448,0.0137392136847693,0.0137441005415883,212.35305316469965,0.0,346.5319730029756,346.32979044732963,254.44676704062448,11.08170948965426,29.28023688686273,457.2391656857832
1999,9,7,1,7365.01192309028,18227.74155668756,49.50300046668987,808.4671639598891,55.25847439218448,0.0137392136847693,0.0137441005415883,212.35305316469965,0.0,346.5319730029756,346.32979044732963,254.44676704062448,77.5717231034742,21.960157075132933,376.87589354663567
1999,9,8,1,3577.95536437795,14365.43547342412,49.50300046668987,735.9588985601945,55.25847439218448,0.0137392136847693,0.0137441005415883,212.35305316469965,0.0,346.5319730029756,346.32979044732963,1549.2267197530846,77.5717231034742,21.960157075132933,640.1348441931319
1999,9,9,1,2179.3000864754995,23228.23540623075,49.50300046668987,525.6849003747282,55.25847439218448,0.0137392136847693,0.0137441005415883,644.5101423898873,0.0,346.5319730029756,346.32979044732963,1632.9687447477686,22.16333787127516,25.620238161030723,523.7466907034413
1999,9,10,1,947.9258036315784,17913.903072856312,49.50300046668987,406.04630525546565,55.25847439218448,0.0137392136847693,0.0137441005415883,145.29420710305504,0.0,346.5319730029756,346.32979044732963,405.8265080053635,132.98010833565647,18.30015834930093,490.4928976119999
1999,9,11,1,4409.713782835752,15181.415648330523,175.89356516898937,830.2196530887384,55.25847439218448,0.0137392136847693,0.0137441005415883,543.9218326612244,0.0,346.5319730029756,346.32979044732963,328.52622076618184,70.18391677701848,18.30015834930093,473.8660622314565
1999,9,12,1,4121.618647808977,15110.27886073118,175.89356516898937,420.547996370697,55.25847439218448,0.0137392136847693,0.0137441005415883,484.313969495368,0.0,346.5319730029756,346.32979044732963,418.7099127881144,88.65343259310667,29.28023688686273,498.806345884884
1999,9,13,1,5961.709989372048,15043.326668666885,309.65687877055313,1319.6504683080875,55.25847439218448,0.0137392136847693,0.0137441005415883,214.215819206801,0.0,346.5319730029756,5.634703529605679,405.8265080053635,70.18391677701848,29.28023688686273,448.92571741289913
1999,9,14,1,5171.771770189648,14867.577080967872,309.65687877055313,1352.2792020013617,55.25847439218448,0.0137392136847693,0.0137441005415883,214.215819206801,0.0,346.5319730029756,5.634703529605679,135.27550266848246,84.95952942989584,29.28023688686273,476.6372116557828
1999,9,15,1,5775.842173093915,11394.430781138672,421.3018506742831,1464.6669991074773,55.25847439218448,269.5779981097042,269.6738834426295,886.6671271376276,0.0,346.5319730029756,5.634703529605679,528.2186766196382,68.33700574945067,21.960157075132933,1513.0459342003728
1999,9,16,1,5761.902106668782,16382.371011137822,208.54444600877272,1453.7907545430526,55.25847439218448,39.99236911389159,40.00659387130447,37.25491447868366,0.0,346.5319730029756,5.634703529605679,479.90596173092086,68.33700574945067,25.620238161030723,105.3035557924801
1999,9,17,1,4302.839808271777,17256.93443763263,208.54444600877272,1417.536669387439,55.25847439218448,39.99236911389159,40.00659387130447,357.64726026786724,0.0,346.5319730029756,217.22458879378945,827.757325035492,147.75572098853382,25.620238161030723,432.2988208671784
1999,9,18,1,5106.718093879311,17587.510969480165,269.6332490315056,1200.0118731888251,55.25847439218448,115.53340243551652,115.57449614061936,622.1571937027473,0.0,346.5319730029756,1086.122943969389,611.9606308859326,68.33700574945067,18.30015834930093,590.2542157211471
1999,9,19,1,3522.194999698728,15005.666060631513,315.9764592556458,1642.3122635996697,55.25847439218448,152.56333115873178,152.61759592033297,361.37271107945287,0.0,346.5319730029756,963.165652513814,537.8811771603752,68.33700574945067,25.620238161030723,595.7964534045275
1999,9,20,1,5576.034290390649,14750.410744855566,180.1065238258233,1080.3731829806254,55.25847439218448,9.812900974015452,9.816391293267968,175.09813868598314,0.0,346.5319730029756,162.9184415953421,428.3724840572411,81.26562626668502,29.28023688686273,407.3585372137983
1999,9,21,1,5576.034290390649,18093.83717255981,180.1065238258233,1254.3930009220112,55.25847439218448,9.812900974015452,9.816391293267968,89.41179474884078,0.0,346.5319730029756,162.9184415953421,351.0721968180593,107.12286730118778,40.26031542443386,432.2988208671784
1999,9,22,1,5761.902106668782,18043.622944980405,442.36702395782976,1337.7775108858948,55.25847439218448,9.812900974015452,9.816391293267968,458.2355699965301,0.0,346.5319730029756,162.9184415953421,557.2063196986284,107.12286730118778,14.640159623459596,360.2490581660923
1999,9,23,1,5088.131272660158,14917.791225015884,55.8224859518692,1287.0217346150494,55.25847439218448,9.812900974015452,9.816391293267968,521.5688839740845,0.0,346.5319730029756,162.9184415953421,460.58088992119343,70.18391677701848,21.960157075132933,349.1644604689768
1999,9,24,1,4047.2715608888384,12804.611827677556,55.8224859518692,2200.625897667907,55.25847439218448,9.812900974015452,9.816391293267968,443.3335229325615,0.0,346.5319730029756,162.9184415953421,80.52112075268337,59.10228839539309,25.620238161030723,451.696866837178
1999,9,25,1,4149.498879637931,17600.06450549281,733.0652562732005,1225.3897137797794,55.25847439218448,9.812900974015452,9.816391293267968,130.392241311591,0.0,346.5319730029756,162.9184415953421,737.5736330136955,99.73506097473204,32.940317972760525,332.537563923256
1999,9,26,1,4855.796502312155,13674.990658637318,138.50295146550033,2022.9806331754796,55.25847439218448,9.812900974015452,9.816391293267968,126.66670922750085,0.0,346.5319730029756,162.9184415953421,582.9730585354683,11.08170948965426,29.28023688686273,440.6122691400625
1999,9,27,1,3935.7508315303935,12905.040199305828,138.50295146550033,1584.3056893154417,55.25847439218448,9.812900974015452,9.816391293267968,815.8827489918928,0.0,346.5319730029756,162.9184415953421,91.7941087785902,144.061817825323,29.28023688686273,446.1545679886202
1999,9,28,1,6203.338170329853,14683.45846925987,43.18341998165357,507.5578577971566,55.25847439218448,91.8342338702569,91.86689809415624,44.70589737442038,0.0,346.5319730029756,2684.568037059579,91.7941087785902,59.10228839539309,36.60031669860186,487.72174818772095
1999,9,29,1,2118.893065980495,14507.708881560007,43.18341998165357,464.0528795396936,55.25847439218448,1.6930256863167434,1.69362787318927,681.7650568686037,0.0,346.5319730029756,840.2082850162371,859.9658016279703,70.18391677701848,29.28023688686273,426.75652201862056
1999,9,30,1,5501.687104491824,15729.58688791864,43.18341998165357,866.4738333328189,55.25847439218448,1.6930256863167434,1.69362787318927,670.5885418887252,0.0,346.5319730029756,143.45019871215274,486.3476994865593,88.65343259310667,21.960157075132933,396.2739395166353
